chord_root_tpc	chord_root_midi	chord_type	chord_inversion	chord_suspension_tpc	chord_suspension_midi	key_tonic_tpc	key_tonic_midi	key_mode	duration	mc	mn_onset
-1	5	ChordType.MAJOR	0			-1	5	KeyMode.MAJOR	1/8	0	3/8
-1	5	ChordType.MAJOR	0			-1	5	KeyMode.MAJOR	3/8	1	0
-1	5	ChordType.MAJOR	0			-1	5	KeyMode.MAJOR	1/24	1	3/8
-1	5	ChordType.MAJOR	0			-1	5	KeyMode.MAJOR	1/24	1	5/12
-1	5	ChordType.MAJOR	0			-1	5	KeyMode.MAJOR	1/24	1	11/24
-1	5	ChordType.MAJOR	0			-1	5	KeyMode.MAJOR	3/8	2	0
-1	5	ChordType.MAJOR	0			-1	5	KeyMode.MAJOR	1/8	2	3/8
0	0	ChordType.MAJ_MIN7	1			-1	5	KeyMode.MAJOR	3/8	3	0
0	0	ChordType.MAJ_MIN7	1			-1	5	KeyMode.MAJOR	1/24	3	3/8
0	0	ChordType.MAJ_MIN7	1			-1	5	KeyMode.MAJOR	1/24	3	5/12
0	0	ChordType.MAJ_MIN7	1			-1	5	KeyMode.MAJOR	1/24	3	11/24
0	0	ChordType.MAJ_MIN7	1			-1	5	KeyMode.MAJOR	3/8	4	0
0	0	ChordType.MAJ_MIN7	1			-1	5	KeyMode.MAJOR	1/8	4	3/8
-1	5	ChordType.MAJOR	0			-1	5	KeyMode.MAJOR	3/32	5	0
-1	5	ChordType.MAJOR	0			-1	5	KeyMode.MAJOR	1/32	5	3/32
-1	5	ChordType.MAJOR	0			-1	5	KeyMode.MAJOR	1/8	5	1/8
0	0	ChordType.MAJ_MIN7	2			-1	5	KeyMode.MAJOR	1/8	5	1/4
0	0	ChordType.MAJ_MIN7	2			-1	5	KeyMode.MAJOR	1/8	5	3/8
-1	5	ChordType.MAJOR	1			-1	5	KeyMode.MAJOR	1/8	6	0
-1	5	ChordType.MAJOR	1			-1	5	KeyMode.MAJOR	1/8	6	1/8
0	0	ChordType.MAJ_MIN7	1			-1	5	KeyMode.MAJOR	1/8	6	1/4
0	0	ChordType.MAJ_MIN7	1			-1	5	KeyMode.MAJOR	1/8	6	3/8
-1	5	ChordType.MAJOR	2			-1	5	KeyMode.MAJOR	1/8	7	0
-1	5	ChordType.MAJOR	2			-1	5	KeyMode.MAJOR	1/8	7	1/8
-1	5	ChordType.MAJ_MIN7	3			-2	10	KeyMode.MAJOR	1/8	7	1/4
-1	5	ChordType.MAJ_MIN7	3			-2	10	KeyMode.MAJOR	1/16	7	3/8
-1	5	ChordType.MAJ_MIN7	3			-2	10	KeyMode.MAJOR	1/16	7	7/16
-2	10	ChordType.MAJOR	1			-1	5	KeyMode.MAJOR	1/8	8	0
-2	10	ChordType.MAJOR	1			-1	5	KeyMode.MAJOR	3/8	8	1/8
-2	10	ChordType.MAJOR	1			-1	5	KeyMode.MAJOR	1/8	9	0
-2	10	ChordType.MAJOR	1			-1	5	KeyMode.MAJOR	1/8	9	1/8
0	0	ChordType.MAJ_MIN7	1			-1	5	KeyMode.MAJOR	1/8	9	1/4
0	0	ChordType.MAJ_MIN7	1			-1	5	KeyMode.MAJOR	1/16	9	3/8
0	0	ChordType.MAJ_MIN7	1			-1	5	KeyMode.MAJOR	1/16	9	7/16
-1	5	ChordType.MAJOR	0			-1	5	KeyMode.MAJOR	1/8	10	0
-1	5	ChordType.MAJOR	0			-1	5	KeyMode.MAJOR	1/8	10	1/8
1	7	ChordType.MINOR	1			-1	5	KeyMode.MAJOR	3/32	10	1/4
1	7	ChordType.MINOR	1			-1	5	KeyMode.MAJOR	1/32	10	11/32
1	7	ChordType.MINOR	1			-1	5	KeyMode.MAJOR	3/32	10	3/8
1	7	ChordType.MINOR	1			-1	5	KeyMode.MAJOR	1/32	10	15/32
-1	5	ChordType.MAJOR	2			-1	5	KeyMode.MAJOR	1/8	11	0
-1	5	ChordType.MAJOR	2			-1	5	KeyMode.MAJOR	1/8	11	1/8
0	0	ChordType.MAJ_MIN7	0			-1	5	KeyMode.MAJOR	3/32	11	1/4
0	0	ChordType.MAJ_MIN7	0			-1	5	KeyMode.MAJOR	1/32	11	11/32
0	0	ChordType.MAJ_MIN7	0			-1	5	KeyMode.MAJOR	3/32	11	3/8
0	0	ChordType.MAJ_MIN7	0			-1	5	KeyMode.MAJOR	1/32	11	15/32
-1	5	ChordType.MAJOR	0			-1	5	KeyMode.MAJOR	3/8	12	0
-1	5	ChordType.MAJOR	0			-1	5	KeyMode.MAJOR	1/8	12	3/8
-1	5	ChordType.MAJOR	0			-1	5	KeyMode.MAJOR	3/8	13	0
-1	5	ChordType.MAJOR	0			-1	5	KeyMode.MAJOR	1/24	13	3/8
-1	5	ChordType.MAJOR	0			-1	5	KeyMode.MAJOR	1/24	13	5/12
-1	5	ChordType.MAJOR	0			-1	5	KeyMode.MAJOR	1/24	13	11/24
-1	5	ChordType.MAJOR	0			-1	5	KeyMode.MAJOR	3/8	14	0
9	3	ChordType.MAJOR	0			3	9	KeyMode.MAJOR	1/8	14	3/8
9	3	ChordType.MAJOR	0			3	9	KeyMode.MAJOR	3/8	15	0
9	3	ChordType.MAJOR	0			3	9	KeyMode.MAJOR	1/24	15	3/8
9	3	ChordType.MAJOR	0			3	9	KeyMode.MAJOR	1/24	15	5/12
9	3	ChordType.MAJOR	0			3	9	KeyMode.MAJOR	1/24	15	11/24
9	3	ChordType.MAJOR	0			3	9	KeyMode.MAJOR	3/8	16	0
9	3	ChordType.MAJOR	0			3	9	KeyMode.MAJOR	1/24	16	3/8
9	3	ChordType.MAJOR	0			3	9	KeyMode.MAJOR	1/24	16	5/12
9	3	ChordType.MAJOR	0			3	9	KeyMode.MAJOR	1/24	16	11/24
4	4	ChordType.MAJOR	0			3	9	KeyMode.MAJOR	1/8	17	0
9	3	ChordType.MAJOR	0			3	9	KeyMode.MAJOR	1/24	17	1/8
9	3	ChordType.MAJOR	0			3	9	KeyMode.MAJOR	1/24	17	1/6
9	3	ChordType.MAJOR	0			3	9	KeyMode.MAJOR	1/24	17	5/24
4	4	ChordType.MAJOR	0			3	9	KeyMode.MAJOR	1/8	17	1/4
9	3	ChordType.MAJOR	0			3	9	KeyMode.MAJOR	1/24	17	3/8
9	3	ChordType.MAJOR	0			3	9	KeyMode.MAJOR	1/24	17	5/12
9	3	ChordType.MAJOR	0			3	9	KeyMode.MAJOR	1/24	17	11/24
4	4	ChordType.MAJOR	0			3	9	KeyMode.MAJOR	3/8	18	0
1	7	ChordType.MAJOR	0			0	0	KeyMode.MAJOR	1/16	18	3/8
1	7	ChordType.MAJOR	0			0	0	KeyMode.MAJOR	1/16	18	7/16
0	0	ChordType.MAJOR	0			0	0	KeyMode.MAJOR	1/16	19	0
0	0	ChordType.MAJOR	0			0	0	KeyMode.MAJOR	1/16	19	1/16
0	0	ChordType.MAJOR	0			0	0	KeyMode.MAJOR	1/16	19	1/8
0	0	ChordType.MAJOR	0			0	0	KeyMode.MAJOR	1/16	19	3/16
0	0	ChordType.MAJOR	0			0	0	KeyMode.MAJOR	1/16	19	1/4
0	0	ChordType.MAJOR	0			0	0	KeyMode.MAJOR	1/16	19	5/16
0	0	ChordType.MAJOR	0			0	0	KeyMode.MAJOR	1/16	19	3/8
0	0	ChordType.MAJOR	0			0	0	KeyMode.MAJOR	1/16	19	7/16
0	0	ChordType.MAJOR	0			0	0	KeyMode.MAJOR	1/16	20	0
0	0	ChordType.MAJOR	0			0	0	KeyMode.MAJOR	1/16	20	1/16
0	0	ChordType.MAJOR	0			0	0	KeyMode.MAJOR	1/16	20	1/8
0	0	ChordType.MAJOR	0			0	0	KeyMode.MAJOR	1/16	20	3/16
0	0	ChordType.MAJOR	0			0	0	KeyMode.MAJOR	1/16	20	1/4
0	0	ChordType.MAJOR	0			0	0	KeyMode.MAJOR	1/16	20	5/16
0	0	ChordType.MAJOR	0			0	0	KeyMode.MAJOR	1/16	20	3/8
0	0	ChordType.MAJOR	0			0	0	KeyMode.MAJOR	1/16	20	7/16
0	0	ChordType.MAJOR	0			0	0	KeyMode.MAJOR	1/16	21	0
0	0	ChordType.MAJOR	0			0	0	KeyMode.MAJOR	1/16	21	1/16
0	0	ChordType.MAJOR	0			0	0	KeyMode.MAJOR	1/16	21	1/8
0	0	ChordType.MAJOR	0			0	0	KeyMode.MAJOR	1/16	21	3/16
0	0	ChordType.MAJOR	0			0	0	KeyMode.MAJOR	1/16	21	1/4
0	0	ChordType.MAJOR	0			0	0	KeyMode.MAJOR	1/16	21	5/16
0	0	ChordType.MAJOR	0			0	0	KeyMode.MAJOR	1/16	21	3/8
0	0	ChordType.MAJOR	0			0	0	KeyMode.MAJOR	1/16	21	7/16
1	7	ChordType.MAJ_MIN7	0			0	0	KeyMode.MAJOR	1/16	22	0
1	7	ChordType.MAJ_MIN7	0			0	0	KeyMode.MAJOR	1/16	22	1/16
1	7	ChordType.MAJ_MIN7	0			0	0	KeyMode.MAJOR	1/16	22	1/8
1	7	ChordType.MAJ_MIN7	0			0	0	KeyMode.MAJOR	1/16	22	3/16
1	7	ChordType.MAJ_MIN7	0			0	0	KeyMode.MAJOR	1/16	22	1/4
1	7	ChordType.MAJ_MIN7	0			0	0	KeyMode.MAJOR	1/16	22	5/16
1	7	ChordType.MAJ_MIN7	0			0	0	KeyMode.MAJOR	1/16	22	3/8
1	7	ChordType.MAJ_MIN7	0			0	0	KeyMode.MAJOR	1/16	22	7/16
1	7	ChordType.MAJ_MIN7	0			0	0	KeyMode.MAJOR	1/16	23	0
1	7	ChordType.MAJ_MIN7	0			0	0	KeyMode.MAJOR	1/16	23	1/16
1	7	ChordType.MAJ_MIN7	0			0	0	KeyMode.MAJOR	1/16	23	1/8
1	7	ChordType.MAJ_MIN7	0			0	0	KeyMode.MAJOR	1/16	23	3/16
1	7	ChordType.MAJ_MIN7	0			0	0	KeyMode.MAJOR	1/16	23	1/4
1	7	ChordType.MAJ_MIN7	0			0	0	KeyMode.MAJOR	1/16	23	5/16
1	7	ChordType.MAJ_MIN7	0			0	0	KeyMode.MAJOR	1/16	23	3/8
1	7	ChordType.MAJ_MIN7	0			0	0	KeyMode.MAJOR	1/16	23	7/16
1	7	ChordType.MAJ_MIN7	0			0	0	KeyMode.MAJOR	1/16	24	0
1	7	ChordType.MAJ_MIN7	0			0	0	KeyMode.MAJOR	1/16	24	1/16
1	7	ChordType.MAJ_MIN7	0			0	0	KeyMode.MAJOR	1/16	24	1/8
1	7	ChordType.MAJ_MIN7	0			0	0	KeyMode.MAJOR	1/16	24	3/16
1	7	ChordType.MAJ_MIN7	0			0	0	KeyMode.MAJOR	1/16	24	1/4
1	7	ChordType.MAJ_MIN7	0			0	0	KeyMode.MAJOR	1/16	24	5/16
1	7	ChordType.MAJ_MIN7	0			0	0	KeyMode.MAJOR	1/16	24	3/8
1	7	ChordType.MAJ_MIN7	0			0	0	KeyMode.MAJOR	1/16	24	7/16
1	7	ChordType.MAJ_MIN7	0			0	0	KeyMode.MAJOR	1/16	25	0
1	7	ChordType.MAJ_MIN7	0			0	0	KeyMode.MAJOR	1/16	25	1/16
1	7	ChordType.MAJ_MIN7	0			0	0	KeyMode.MAJOR	1/16	25	1/8
1	7	ChordType.MAJ_MIN7	0			0	0	KeyMode.MAJOR	1/16	25	3/16
1	7	ChordType.MAJ_MIN7	0			0	0	KeyMode.MAJOR	1/16	25	1/4
1	7	ChordType.MAJ_MIN7	0			0	0	KeyMode.MAJOR	1/16	25	5/16
1	7	ChordType.MAJ_MIN7	0			0	0	KeyMode.MAJOR	1/16	25	3/8
1	7	ChordType.MAJ_MIN7	0			0	0	KeyMode.MAJOR	1/16	25	7/16
0	0	ChordType.MAJOR	0			0	0	KeyMode.MAJOR	1/16	26	0
0	0	ChordType.MAJOR	0			0	0	KeyMode.MAJOR	1/16	26	1/16
0	0	ChordType.MAJOR	0			0	0	KeyMode.MAJOR	1/16	26	1/8
0	0	ChordType.MAJOR	0			0	0	KeyMode.MAJOR	1/16	26	3/16
0	0	ChordType.MAJOR	0			0	0	KeyMode.MAJOR	1/16	26	1/4
0	0	ChordType.MAJOR	0			0	0	KeyMode.MAJOR	1/16	26	5/16
0	0	ChordType.MAJOR	0			0	0	KeyMode.MAJOR	1/16	26	3/8
0	0	ChordType.MAJOR	0			0	0	KeyMode.MAJOR	1/16	26	7/16
0	0	ChordType.MAJOR	0			0	0	KeyMode.MAJOR	1/16	27	0
0	0	ChordType.MAJOR	0			0	0	KeyMode.MAJOR	1/16	27	1/16
0	0	ChordType.MAJOR	0			0	0	KeyMode.MAJOR	1/16	27	1/8
0	0	ChordType.MAJOR	0			0	0	KeyMode.MAJOR	1/16	27	3/16
0	0	ChordType.MAJOR	0			0	0	KeyMode.MAJOR	1/16	27	1/4
0	0	ChordType.MAJOR	0			0	0	KeyMode.MAJOR	1/16	27	5/16
0	0	ChordType.MAJOR	0			0	0	KeyMode.MAJOR	1/16	27	3/8
0	0	ChordType.MAJOR	0			0	0	KeyMode.MAJOR	1/16	27	7/16
3	9	ChordType.MINOR	0			1	7	KeyMode.MAJOR	1/16	28	0
3	9	ChordType.MINOR	0			1	7	KeyMode.MAJOR	1/16	28	1/16
3	9	ChordType.MINOR	0			1	7	KeyMode.MAJOR	1/16	28	1/8
3	9	ChordType.MINOR	0			1	7	KeyMode.MAJOR	1/16	28	3/16
3	9	ChordType.MINOR	0			1	7	KeyMode.MAJOR	1/16	28	1/4
3	9	ChordType.MINOR	0			1	7	KeyMode.MAJOR	1/16	28	5/16
3	9	ChordType.MINOR	0			1	7	KeyMode.MAJOR	1/16	28	3/8
3	9	ChordType.MINOR	0			1	7	KeyMode.MAJOR	1/16	28	7/16
2	2	ChordType.MAJ_MIN7	0			1	7	KeyMode.MAJOR	1/16	29	0
2	2	ChordType.MAJ_MIN7	0			1	7	KeyMode.MAJOR	1/16	29	1/16
2	2	ChordType.MAJ_MIN7	0			1	7	KeyMode.MAJOR	1/16	29	1/8
2	2	ChordType.MAJ_MIN7	0			1	7	KeyMode.MAJOR	1/16	29	3/16
2	2	ChordType.MAJ_MIN7	0			1	7	KeyMode.MAJOR	1/16	29	1/4
2	2	ChordType.MAJ_MIN7	0			1	7	KeyMode.MAJOR	1/16	29	5/16
2	2	ChordType.MAJ_MIN7	0			1	7	KeyMode.MAJOR	1/16	29	3/8
2	2	ChordType.MAJ_MIN7	0			1	7	KeyMode.MAJOR	1/16	29	7/16
1	7	ChordType.MAJOR	0			1	7	KeyMode.MAJOR	1/24	30	0
1	7	ChordType.MAJOR	0			1	7	KeyMode.MAJOR	1/24	30	1/24
1	7	ChordType.MAJOR	0			1	7	KeyMode.MAJOR	1/24	30	1/12
1	7	ChordType.MAJOR	0			1	7	KeyMode.MAJOR	1/24	30	1/8
1	7	ChordType.MAJOR	0			1	7	KeyMode.MAJOR	1/24	30	1/6
1	7	ChordType.MAJOR	0			1	7	KeyMode.MAJOR	1/24	30	5/24
2	2	ChordType.MAJ_MIN7	2			1	7	KeyMode.MAJOR	1/24	30	1/4
2	2	ChordType.MAJ_MIN7	2			1	7	KeyMode.MAJOR	1/24	30	7/24
2	2	ChordType.MAJ_MIN7	2			1	7	KeyMode.MAJOR	1/24	30	1/3
2	2	ChordType.MAJ_MIN7	2			1	7	KeyMode.MAJOR	1/24	30	3/8
2	2	ChordType.MAJ_MIN7	2			1	7	KeyMode.MAJOR	1/24	30	5/12
2	2	ChordType.MAJ_MIN7	2			1	7	KeyMode.MAJOR	1/24	30	11/24
1	7	ChordType.MAJOR	0			1	7	KeyMode.MAJOR	1/24	31	0
1	7	ChordType.MAJOR	0			1	7	KeyMode.MAJOR	1/24	31	1/24
1	7	ChordType.MAJOR	0			1	7	KeyMode.MAJOR	1/24	31	1/12
1	7	ChordType.MAJOR	0			1	7	KeyMode.MAJOR	1/24	31	1/8
1	7	ChordType.MAJOR	0			1	7	KeyMode.MAJOR	1/24	31	1/6
1	7	ChordType.MAJOR	0			1	7	KeyMode.MAJOR	1/24	31	5/24
2	2	ChordType.MAJ_MIN7	1			1	7	KeyMode.MAJOR	1/24	31	1/4
2	2	ChordType.MAJ_MIN7	1			1	7	KeyMode.MAJOR	1/24	31	7/24
2	2	ChordType.MAJ_MIN7	1			1	7	KeyMode.MAJOR	1/24	31	1/3
2	2	ChordType.MAJ_MIN7	1			1	7	KeyMode.MAJOR	1/24	31	3/8
2	2	ChordType.MAJ_MIN7	1			1	7	KeyMode.MAJOR	1/24	31	5/12
2	2	ChordType.MAJ_MIN7	1			1	7	KeyMode.MAJOR	1/24	31	11/24
1	7	ChordType.MAJOR	0			1	7	KeyMode.MAJOR	1/24	32	0
1	7	ChordType.MAJOR	0			1	7	KeyMode.MAJOR	1/48	32	1/24
1	7	ChordType.MAJOR	0			1	7	KeyMode.MAJOR	1/48	32	1/16
1	7	ChordType.MAJOR	0			1	7	KeyMode.MAJOR	1/24	32	1/12
1	7	ChordType.MAJOR	0			1	7	KeyMode.MAJOR	1/24	32	1/8
1	7	ChordType.MAJOR	0			1	7	KeyMode.MAJOR	1/48	32	1/6
1	7	ChordType.MAJOR	0			1	7	KeyMode.MAJOR	1/48	32	3/16
1	7	ChordType.MAJOR	0			1	7	KeyMode.MAJOR	1/24	32	5/24
2	2	ChordType.MAJ_MIN7	2			1	7	KeyMode.MAJOR	1/24	32	1/4
2	2	ChordType.MAJ_MIN7	2			1	7	KeyMode.MAJOR	1/24	32	7/24
2	2	ChordType.MAJ_MIN7	2			1	7	KeyMode.MAJOR	1/24	32	1/3
2	2	ChordType.MAJ_MIN7	2			1	7	KeyMode.MAJOR	1/24	32	3/8
2	2	ChordType.MAJ_MIN7	2			1	7	KeyMode.MAJOR	1/24	32	5/12
2	2	ChordType.MAJ_MIN7	2			1	7	KeyMode.MAJOR	1/24	32	11/24
1	7	ChordType.MAJOR	0			1	7	KeyMode.MAJOR	1/24	33	0
1	7	ChordType.MAJOR	0			1	7	KeyMode.MAJOR	1/48	33	1/24
1	7	ChordType.MAJOR	0			1	7	KeyMode.MAJOR	1/48	33	1/16
1	7	ChordType.MAJOR	0			1	7	KeyMode.MAJOR	1/24	33	1/12
1	7	ChordType.MAJOR	0			1	7	KeyMode.MAJOR	1/24	33	1/8
1	7	ChordType.MAJOR	0			1	7	KeyMode.MAJOR	1/48	33	1/6
1	7	ChordType.MAJOR	0			1	7	KeyMode.MAJOR	1/48	33	3/16
1	7	ChordType.MAJOR	0			1	7	KeyMode.MAJOR	1/24	33	5/24
2	2	ChordType.MAJ_MIN7	1			1	7	KeyMode.MAJOR	1/24	33	1/4
2	2	ChordType.MAJ_MIN7	1			1	7	KeyMode.MAJOR	1/24	33	7/24
2	2	ChordType.MAJ_MIN7	1			1	7	KeyMode.MAJOR	1/24	33	1/3
2	2	ChordType.MAJ_MIN7	1			1	7	KeyMode.MAJOR	1/24	33	3/8
2	2	ChordType.MAJ_MIN7	1			1	7	KeyMode.MAJOR	1/24	33	5/12
2	2	ChordType.MAJ_MIN7	1			1	7	KeyMode.MAJOR	1/24	33	11/24
1	7	ChordType.MAJOR	0			1	7	KeyMode.MAJOR	1/24	34	0
1	7	ChordType.MAJOR	0			1	7	KeyMode.MAJOR	1/48	34	1/24
1	7	ChordType.MAJOR	0			1	7	KeyMode.MAJOR	1/48	34	1/16
1	7	ChordType.MAJOR	0			1	7	KeyMode.MAJOR	1/24	34	1/12
1	7	ChordType.MAJOR	0			1	7	KeyMode.MAJOR	1/24	34	1/8
1	7	ChordType.MAJOR	0			1	7	KeyMode.MAJOR	1/48	34	1/6
1	7	ChordType.MAJOR	0			1	7	KeyMode.MAJOR	1/48	34	3/16
1	7	ChordType.MAJOR	0			1	7	KeyMode.MAJOR	1/24	34	5/24
2	2	ChordType.MAJ_MIN7	1			1	7	KeyMode.MAJOR	1/24	34	1/4
2	2	ChordType.MAJ_MIN7	1			1	7	KeyMode.MAJOR	1/24	34	7/24
2	2	ChordType.MAJ_MIN7	1			1	7	KeyMode.MAJOR	1/24	34	1/3
2	2	ChordType.MAJ_MIN7	1			1	7	KeyMode.MAJOR	1/24	34	3/8
2	2	ChordType.MAJ_MIN7	1			1	7	KeyMode.MAJOR	1/24	34	5/12
2	2	ChordType.MAJ_MIN7	1			1	7	KeyMode.MAJOR	1/24	34	11/24
1	7	ChordType.MAJOR	0			1	7	KeyMode.MAJOR	1/24	35	0
1	7	ChordType.MAJOR	0			1	7	KeyMode.MAJOR	1/48	35	1/24
1	7	ChordType.MAJOR	0			1	7	KeyMode.MAJOR	1/48	35	1/16
1	7	ChordType.MAJOR	0			1	7	KeyMode.MAJOR	1/24	35	1/12
1	7	ChordType.MAJOR	0			1	7	KeyMode.MAJOR	1/24	35	1/8
1	7	ChordType.MAJOR	0			1	7	KeyMode.MAJOR	1/48	35	1/6
1	7	ChordType.MAJOR	0			1	7	KeyMode.MAJOR	1/48	35	3/16
1	7	ChordType.MAJOR	0			1	7	KeyMode.MAJOR	1/24	35	5/24
2	2	ChordType.MAJ_MIN7	1			1	7	KeyMode.MAJOR	1/24	35	1/4
2	2	ChordType.MAJ_MIN7	1			1	7	KeyMode.MAJOR	1/24	35	7/24
2	2	ChordType.MAJ_MIN7	1			1	7	KeyMode.MAJOR	1/24	35	1/3
2	2	ChordType.MAJ_MIN7	1			1	7	KeyMode.MAJOR	1/24	35	3/8
2	2	ChordType.MAJ_MIN7	1			1	7	KeyMode.MAJOR	1/24	35	5/12
2	2	ChordType.MAJ_MIN7	1			1	7	KeyMode.MAJOR	1/24	35	11/24
1	7	ChordType.MAJOR	0			1	7	KeyMode.MAJOR	1/16	36	0
1	7	ChordType.MAJOR	0			1	7	KeyMode.MAJOR	1/16	36	1/16
1	7	ChordType.MAJOR	0			1	7	KeyMode.MAJOR	1/16	36	1/8
1	7	ChordType.MAJOR	0			1	7	KeyMode.MAJOR	1/16	36	3/16
1	7	ChordType.MAJOR	0			1	7	KeyMode.MAJOR	1/16	36	1/4
1	7	ChordType.MAJOR	0			1	7	KeyMode.MAJOR	1/16	36	5/16
1	7	ChordType.MAJOR	0			1	7	KeyMode.MAJOR	1/16	36	3/8
1	7	ChordType.MAJOR	0			1	7	KeyMode.MAJOR	1/16	36	7/16
1	7	ChordType.MAJOR	0			1	7	KeyMode.MAJOR	1/16	37	0
1	7	ChordType.MAJOR	0			1	7	KeyMode.MAJOR	1/16	37	1/16
1	7	ChordType.MAJOR	0			1	7	KeyMode.MAJOR	1/16	37	1/8
1	7	ChordType.MAJOR	0			1	7	KeyMode.MAJOR	1/16	37	3/16
1	7	ChordType.MAJOR	0			1	7	KeyMode.MAJOR	1/16	37	1/4
1	7	ChordType.MAJOR	0			1	7	KeyMode.MAJOR	1/16	37	5/16
1	7	ChordType.MAJOR	0			1	7	KeyMode.MAJOR	1/16	37	3/8
1	7	ChordType.MAJOR	0			1	7	KeyMode.MAJOR	1/16	37	7/16
1	7	ChordType.MAJ_MIN7	3			0	0	KeyMode.MAJOR	1/8	38	0
1	7	ChordType.MAJ_MIN7	3			0	0	KeyMode.MAJOR	1/8	38	1/8
0	0	ChordType.MAJOR	0			0	0	KeyMode.MAJOR	1/8	38	1/4
0	0	ChordType.MAJOR	0			0	0	KeyMode.MAJOR	1/64	38	3/8
0	0	ChordType.MAJOR	0			0	0	KeyMode.MAJOR	1/64	38	25/64
0	0	ChordType.MAJOR	0			0	0	KeyMode.MAJOR	1/32	38	13/32
0	0	ChordType.MAJOR	0			0	0	KeyMode.MAJOR	1/16	38	7/16
1	7	ChordType.MAJ_MIN7	3			0	0	KeyMode.MAJOR	1/8	39	0
1	7	ChordType.MAJ_MIN7	3			0	0	KeyMode.MAJOR	1/8	39	1/8
0	0	ChordType.MAJOR	0			0	0	KeyMode.MAJOR	1/8	39	1/4
0	0	ChordType.MAJOR	0			0	0	KeyMode.MAJOR	1/64	39	3/8
0	0	ChordType.MAJOR	0			0	0	KeyMode.MAJOR	1/64	39	25/64
0	0	ChordType.MAJOR	0			0	0	KeyMode.MAJOR	1/32	39	13/32
0	0	ChordType.MAJOR	0			0	0	KeyMode.MAJOR	1/16	39	7/16
2	2	ChordType.MINOR	1			0	0	KeyMode.MAJOR	1/4	40	0
1	7	ChordType.MAJOR	0			0	0	KeyMode.MAJOR	1/4	40	1/4
0	0	ChordType.MAJOR	0			0	0	KeyMode.MAJOR	3/8	41	0
0	0	ChordType.MINOR	1			0	0	KeyMode.MINOR	1/32	41	3/8
0	0	ChordType.MINOR	1			0	0	KeyMode.MINOR	1/32	41	13/32
0	0	ChordType.MINOR	1			0	0	KeyMode.MINOR	1/32	41	7/16
0	0	ChordType.MINOR	1			0	0	KeyMode.MINOR	1/32	41	15/32
2	2	ChordType.DIMINISHED	1			0	0	KeyMode.MINOR	1/32	42	0
2	2	ChordType.DIMINISHED	1			0	0	KeyMode.MINOR	1/32	42	1/32
2	2	ChordType.DIMINISHED	1			0	0	KeyMode.MINOR	1/32	42	1/16
2	2	ChordType.DIMINISHED	1			0	0	KeyMode.MINOR	1/32	42	3/32
2	2	ChordType.DIMINISHED	1			0	0	KeyMode.MINOR	1/32	42	1/8
2	2	ChordType.DIMINISHED	1			0	0	KeyMode.MINOR	1/32	42	5/32
2	2	ChordType.DIMINISHED	1			0	0	KeyMode.MINOR	1/32	42	3/16
2	2	ChordType.DIMINISHED	1			0	0	KeyMode.MINOR	1/32	42	7/32
1	7	ChordType.MAJOR	1			0	0	KeyMode.MINOR	1/32	42	1/4
1	7	ChordType.MAJOR	1			0	0	KeyMode.MINOR	1/32	42	9/32
1	7	ChordType.MAJOR	1			0	0	KeyMode.MINOR	1/32	42	5/16
1	7	ChordType.MAJOR	1			0	0	KeyMode.MINOR	1/32	42	11/32
0	0	ChordType.MINOR	0			0	0	KeyMode.MINOR	1/32	42	3/8
0	0	ChordType.MINOR	0			0	0	KeyMode.MINOR	1/32	42	13/32
0	0	ChordType.MINOR	0			0	0	KeyMode.MINOR	1/32	42	7/16
0	0	ChordType.MINOR	0			0	0	KeyMode.MINOR	1/32	42	15/32
2	2	ChordType.DIMINISHED	1			0	0	KeyMode.MINOR	1/32	43	0
2	2	ChordType.DIMINISHED	1			0	0	KeyMode.MINOR	1/32	43	1/32
2	2	ChordType.DIMINISHED	1			0	0	KeyMode.MINOR	1/32	43	1/16
2	2	ChordType.DIMINISHED	1			0	0	KeyMode.MINOR	1/32	43	3/32
2	2	ChordType.DIMINISHED	1			0	0	KeyMode.MINOR	1/32	43	1/8
2	2	ChordType.DIMINISHED	1			0	0	KeyMode.MINOR	1/32	43	5/32
2	2	ChordType.DIMINISHED	1			0	0	KeyMode.MINOR	1/32	43	3/16
2	2	ChordType.DIMINISHED	1			0	0	KeyMode.MINOR	1/32	43	7/32
1	7	ChordType.MAJOR	1			0	0	KeyMode.MINOR	1/32	43	1/4
1	7	ChordType.MAJOR	1			0	0	KeyMode.MINOR	1/32	43	9/32
1	7	ChordType.MAJOR	1			0	0	KeyMode.MINOR	1/32	43	5/16
1	7	ChordType.MAJOR	1			0	0	KeyMode.MINOR	1/32	43	11/32
0	0	ChordType.MINOR	0			0	0	KeyMode.MINOR	1/32	43	3/8
0	0	ChordType.MINOR	0			0	0	KeyMode.MINOR	1/32	43	13/32
0	0	ChordType.MINOR	0			0	0	KeyMode.MINOR	1/32	43	7/16
0	0	ChordType.MINOR	0			0	0	KeyMode.MINOR	1/32	43	15/32
2	2	ChordType.DIMINISHED	1			0	0	KeyMode.MINOR	1/4	44	0
1	7	ChordType.MAJ_MIN7	0			0	0	KeyMode.MINOR	1/4	44	1/4
-4	8	ChordType.MAJOR	0			0	0	KeyMode.MINOR	1/2	45	0
6	6	ChordType.DIM7	0			1	7	KeyMode.MINOR	1/2	46	0
1	7	ChordType.MAJ_MIN7	3			0	0	KeyMode.MAJOR	1/16	47	0
1	7	ChordType.MAJ_MIN7	3			0	0	KeyMode.MAJOR	1/16	47	1/16
1	7	ChordType.MAJ_MIN7	3			0	0	KeyMode.MAJOR	1/16	47	1/8
1	7	ChordType.MAJ_MIN7	3			0	0	KeyMode.MAJOR	1/16	47	3/16
0	0	ChordType.MAJOR	0			0	0	KeyMode.MAJOR	1/16	47	1/4
0	0	ChordType.MAJOR	0			0	0	KeyMode.MAJOR	1/16	47	5/16
0	0	ChordType.MAJOR	0			0	0	KeyMode.MAJOR	1/16	47	3/8
0	0	ChordType.MAJOR	0			0	0	KeyMode.MAJOR	1/16	47	7/16
1	7	ChordType.MAJ_MIN7	2			0	0	KeyMode.MAJOR	1/16	48	0
1	7	ChordType.MAJ_MIN7	2			0	0	KeyMode.MAJOR	1/16	48	1/16
1	7	ChordType.MAJ_MIN7	2			0	0	KeyMode.MAJOR	1/16	48	1/8
1	7	ChordType.MAJ_MIN7	2			0	0	KeyMode.MAJOR	1/16	48	3/16
0	0	ChordType.MAJOR	0			0	0	KeyMode.MAJOR	1/16	48	1/4
0	0	ChordType.MAJOR	0			0	0	KeyMode.MAJOR	1/16	48	5/16
0	0	ChordType.MAJOR	0			0	0	KeyMode.MAJOR	1/16	48	3/8
0	0	ChordType.MAJOR	0			0	0	KeyMode.MAJOR	1/16	48	7/16
1	7	ChordType.MAJ_MIN7	2			0	0	KeyMode.MAJOR	1/16	49	0
1	7	ChordType.MAJ_MIN7	2			0	0	KeyMode.MAJOR	1/16	49	1/16
1	7	ChordType.MAJ_MIN7	2			0	0	KeyMode.MAJOR	1/16	49	1/8
1	7	ChordType.MAJ_MIN7	2			0	0	KeyMode.MAJOR	1/16	49	3/16
0	0	ChordType.MAJOR	1			0	0	KeyMode.MAJOR	1/16	49	1/4
0	0	ChordType.MAJOR	1			0	0	KeyMode.MAJOR	1/16	49	5/16
0	0	ChordType.MAJOR	1			0	0	KeyMode.MAJOR	1/16	49	3/8
0	0	ChordType.MAJOR	1			0	0	KeyMode.MAJOR	1/16	49	7/16
1	7	ChordType.MAJ_MIN7	2			0	0	KeyMode.MAJOR	1/16	50	0
1	7	ChordType.MAJ_MIN7	2			0	0	KeyMode.MAJOR	1/16	50	1/16
1	7	ChordType.MAJ_MIN7	2			0	0	KeyMode.MAJOR	1/16	50	1/8
1	7	ChordType.MAJ_MIN7	2			0	0	KeyMode.MAJOR	1/16	50	3/16
0	0	ChordType.MAJOR	1			0	0	KeyMode.MAJOR	1/16	50	1/4
0	0	ChordType.MAJOR	1			0	0	KeyMode.MAJOR	1/16	50	5/16
0	0	ChordType.MAJOR	1			0	0	KeyMode.MAJOR	1/16	50	3/8
0	0	ChordType.MAJOR	1			0	0	KeyMode.MAJOR	1/16	50	7/16
2	2	ChordType.MINOR	1			0	0	KeyMode.MAJOR	1/8	51	0
2	2	ChordType.MINOR	1			0	0	KeyMode.MAJOR	1/24	51	1/8
2	2	ChordType.MINOR	1			0	0	KeyMode.MAJOR	1/24	51	1/6
2	2	ChordType.MINOR	1			0	0	KeyMode.MAJOR	1/24	51	5/24
2	2	ChordType.MINOR	1			0	0	KeyMode.MAJOR	1/8	51	1/4
2	2	ChordType.MINOR	1			0	0	KeyMode.MAJOR	1/24	51	3/8
2	2	ChordType.MINOR	1			0	0	KeyMode.MAJOR	1/24	51	5/12
2	2	ChordType.MINOR	1			0	0	KeyMode.MAJOR	1/24	51	11/24
2	2	ChordType.MINOR	1			0	0	KeyMode.MAJOR	1/8	52	0
2	2	ChordType.MINOR	1			0	0	KeyMode.MAJOR	1/24	52	1/8
2	2	ChordType.MINOR	1			0	0	KeyMode.MAJOR	1/24	52	1/6
2	2	ChordType.MINOR	1			0	0	KeyMode.MAJOR	1/24	52	5/24
2	2	ChordType.MINOR	1			0	0	KeyMode.MAJOR	1/8	52	1/4
2	2	ChordType.MINOR	1			0	0	KeyMode.MAJOR	1/24	52	3/8
2	2	ChordType.MINOR	1			0	0	KeyMode.MAJOR	1/24	52	5/12
2	2	ChordType.MINOR	1			0	0	KeyMode.MAJOR	1/24	52	11/24
2	2	ChordType.MINOR	1			0	0	KeyMode.MAJOR	1/8	53	0
2	2	ChordType.MINOR	1			0	0	KeyMode.MAJOR	1/4	53	1/8
2	2	ChordType.MINOR	1			0	0	KeyMode.MAJOR	1/16	53	3/8
2	2	ChordType.MINOR	1			0	0	KeyMode.MAJOR	1/16	53	7/16
1	7	ChordType.MAJ_MIN7	0			0	0	KeyMode.MAJOR	1/4	54	0
1	7	ChordType.MAJ_MIN7	0			0	0	KeyMode.MAJOR	1/24	54	1/4
1	7	ChordType.MAJ_MIN7	0			0	0	KeyMode.MAJOR	1/24	54	7/24
1	7	ChordType.MAJ_MIN7	0			0	0	KeyMode.MAJOR	1/24	54	1/3
1	7	ChordType.MAJ_MIN7	0			0	0	KeyMode.MAJOR	1/24	54	3/8
1	7	ChordType.MAJ_MIN7	0			0	0	KeyMode.MAJOR	1/24	54	5/12
1	7	ChordType.MAJ_MIN7	0			0	0	KeyMode.MAJOR	1/24	54	11/24
0	0	ChordType.MAJOR	0			0	0	KeyMode.MAJOR	1/24	55	0
0	0	ChordType.MAJOR	0			0	0	KeyMode.MAJOR	1/24	55	1/24
0	0	ChordType.MAJOR	0			0	0	KeyMode.MAJOR	1/24	55	1/12
0	0	ChordType.MAJOR	0			0	0	KeyMode.MAJOR	1/24	55	1/8
0	0	ChordType.MAJOR	0			0	0	KeyMode.MAJOR	1/24	55	1/6
0	0	ChordType.MAJOR	0			0	0	KeyMode.MAJOR	1/24	55	5/24
0	0	ChordType.MAJOR	0			0	0	KeyMode.MAJOR	1/24	55	1/4
0	0	ChordType.MAJOR	0			0	0	KeyMode.MAJOR	1/24	55	7/24
0	0	ChordType.MAJOR	0			0	0	KeyMode.MAJOR	1/24	55	1/3
0	0	ChordType.MAJOR	0			0	0	KeyMode.MAJOR	1/24	55	3/8
0	0	ChordType.MAJOR	0			0	0	KeyMode.MAJOR	1/24	55	5/12
0	0	ChordType.MAJOR	0			0	0	KeyMode.MAJOR	1/24	55	11/24
0	0	ChordType.MAJOR	0			0	0	KeyMode.MAJOR	1/24	56	0
0	0	ChordType.MAJOR	0			0	0	KeyMode.MAJOR	1/24	56	1/24
0	0	ChordType.MAJOR	0			0	0	KeyMode.MAJOR	1/24	56	1/12
0	0	ChordType.MAJOR	0			0	0	KeyMode.MAJOR	1/24	56	1/8
0	0	ChordType.MAJOR	0			0	0	KeyMode.MAJOR	1/24	56	1/6
0	0	ChordType.MAJOR	0			0	0	KeyMode.MAJOR	1/24	56	5/24
0	0	ChordType.MAJOR	0			0	0	KeyMode.MAJOR	1/24	56	1/4
0	0	ChordType.MAJOR	0			0	0	KeyMode.MAJOR	1/24	56	7/24
0	0	ChordType.MAJOR	0			0	0	KeyMode.MAJOR	1/24	56	1/3
0	0	ChordType.MAJOR	0			0	0	KeyMode.MAJOR	1/24	56	3/8
0	0	ChordType.MAJOR	0			0	0	KeyMode.MAJOR	1/24	56	5/12
0	0	ChordType.MAJOR	0			0	0	KeyMode.MAJOR	1/24	56	11/24
-1	5	ChordType.MAJOR	0			0	0	KeyMode.MAJOR	1/24	57	0
-1	5	ChordType.MAJOR	0			0	0	KeyMode.MAJOR	1/24	57	1/24
-1	5	ChordType.MAJOR	0			0	0	KeyMode.MAJOR	1/24	57	1/12
-1	5	ChordType.MAJOR	0			0	0	KeyMode.MAJOR	1/24	57	1/8
-1	5	ChordType.MAJOR	0			0	0	KeyMode.MAJOR	1/24	57	1/6
-1	5	ChordType.MAJOR	0			0	0	KeyMode.MAJOR	1/24	57	5/24
2	2	ChordType.MAJ_MIN7	1			1	7	KeyMode.MAJOR	1/24	57	1/4
2	2	ChordType.MAJ_MIN7	1			1	7	KeyMode.MAJOR	1/24	57	7/24
2	2	ChordType.MAJ_MIN7	1			1	7	KeyMode.MAJOR	1/24	57	1/3
2	2	ChordType.MAJ_MIN7	1			1	7	KeyMode.MAJOR	1/24	57	3/8
2	2	ChordType.MAJ_MIN7	1			1	7	KeyMode.MAJOR	1/24	57	5/12
2	2	ChordType.MAJ_MIN7	1			1	7	KeyMode.MAJOR	1/24	57	11/24
0	0	ChordType.MAJOR	2			0	0	KeyMode.MAJOR	1/24	58	0
0	0	ChordType.MAJOR	2			0	0	KeyMode.MAJOR	1/24	58	1/24
0	0	ChordType.MAJOR	2			0	0	KeyMode.MAJOR	1/24	58	1/12
0	0	ChordType.MAJOR	2			0	0	KeyMode.MAJOR	1/24	58	1/8
0	0	ChordType.MAJOR	2			0	0	KeyMode.MAJOR	1/24	58	1/6
0	0	ChordType.MAJOR	2			0	0	KeyMode.MAJOR	1/24	58	5/24
1	7	ChordType.MAJOR	0			0	0	KeyMode.MAJOR	1/24	58	1/4
1	7	ChordType.MAJOR	0			0	0	KeyMode.MAJOR	1/24	58	7/24
1	7	ChordType.MAJOR	0			0	0	KeyMode.MAJOR	1/24	58	1/3
1	7	ChordType.MAJOR	0			0	0	KeyMode.MAJOR	1/24	58	3/8
1	7	ChordType.MAJOR	0			0	0	KeyMode.MAJOR	1/24	58	5/12
1	7	ChordType.MAJOR	0			0	0	KeyMode.MAJOR	1/24	58	11/24
0	0	ChordType.MAJOR	0			0	0	KeyMode.MAJOR	1/32	59	0
0	0	ChordType.MAJOR	0			0	0	KeyMode.MAJOR	1/32	59	1/32
0	0	ChordType.MAJOR	0			0	0	KeyMode.MAJOR	1/32	59	1/16
0	0	ChordType.MAJOR	0			0	0	KeyMode.MAJOR	1/32	59	3/32
0	0	ChordType.MAJOR	0			0	0	KeyMode.MAJOR	1/32	59	1/8
0	0	ChordType.MAJOR	0			0	0	KeyMode.MAJOR	1/32	59	5/32
0	0	ChordType.MAJOR	0			0	0	KeyMode.MAJOR	1/32	59	3/16
0	0	ChordType.MAJOR	0			0	0	KeyMode.MAJOR	1/32	59	7/32
0	0	ChordType.MAJOR	0			0	0	KeyMode.MAJOR	1/32	59	1/4
0	0	ChordType.MAJOR	0			0	0	KeyMode.MAJOR	1/32	59	9/32
0	0	ChordType.MAJOR	0			0	0	KeyMode.MAJOR	1/32	59	5/16
0	0	ChordType.MAJOR	0			0	0	KeyMode.MAJOR	1/32	59	11/32
0	0	ChordType.MAJOR	0			0	0	KeyMode.MAJOR	1/32	59	3/8
0	0	ChordType.MAJOR	0			0	0	KeyMode.MAJOR	1/32	59	13/32
0	0	ChordType.MAJOR	0			0	0	KeyMode.MAJOR	1/32	59	7/16
0	0	ChordType.MAJOR	0			0	0	KeyMode.MAJOR	1/32	59	15/32
0	0	ChordType.MAJOR	0			0	0	KeyMode.MAJOR	1/32	60	0
0	0	ChordType.MAJOR	0			0	0	KeyMode.MAJOR	1/32	60	1/32
0	0	ChordType.MAJOR	0			0	0	KeyMode.MAJOR	1/32	60	1/16
0	0	ChordType.MAJOR	0			0	0	KeyMode.MAJOR	1/32	60	3/32
0	0	ChordType.MAJOR	0			0	0	KeyMode.MAJOR	1/32	60	1/8
0	0	ChordType.MAJOR	0			0	0	KeyMode.MAJOR	1/32	60	5/32
0	0	ChordType.MAJOR	0			0	0	KeyMode.MAJOR	1/32	60	3/16
0	0	ChordType.MAJOR	0			0	0	KeyMode.MAJOR	1/32	60	7/32
0	0	ChordType.MAJOR	0			0	0	KeyMode.MAJOR	1/32	60	1/4
0	0	ChordType.MAJOR	0			0	0	KeyMode.MAJOR	1/96	60	9/32
0	0	ChordType.MAJOR	0			0	0	KeyMode.MAJOR	1/24	60	7/24
0	0	ChordType.MAJOR	0			0	0	KeyMode.MAJOR	1/24	60	1/3
0	0	ChordType.MAJOR	0			0	0	KeyMode.MAJOR	1/32	60	3/8
0	0	ChordType.MAJOR	0			0	0	KeyMode.MAJOR	1/96	60	13/32
0	0	ChordType.MAJOR	0			0	0	KeyMode.MAJOR	1/24	60	5/12
0	0	ChordType.MAJOR	0			0	0	KeyMode.MAJOR	1/24	60	11/24
-1	5	ChordType.MAJOR	0			0	0	KeyMode.MAJOR	1/32	61	0
-1	5	ChordType.MAJOR	0			0	0	KeyMode.MAJOR	1/32	61	1/32
-1	5	ChordType.MAJOR	0			0	0	KeyMode.MAJOR	1/32	61	1/16
-1	5	ChordType.MAJOR	0			0	0	KeyMode.MAJOR	1/32	61	3/32
-1	5	ChordType.MAJOR	0			0	0	KeyMode.MAJOR	1/32	61	1/8
-1	5	ChordType.MAJOR	0			0	0	KeyMode.MAJOR	1/32	61	5/32
-1	5	ChordType.MAJOR	0			0	0	KeyMode.MAJOR	1/32	61	3/16
-1	5	ChordType.MAJOR	0			0	0	KeyMode.MAJOR	1/32	61	7/32
2	2	ChordType.MAJ_MIN7	1			1	7	KeyMode.MAJOR	1/32	61	1/4
2	2	ChordType.MAJ_MIN7	1			1	7	KeyMode.MAJOR	1/32	61	9/32
2	2	ChordType.MAJ_MIN7	1			1	7	KeyMode.MAJOR	1/32	61	5/16
2	2	ChordType.MAJ_MIN7	1			1	7	KeyMode.MAJOR	1/32	61	11/32
2	2	ChordType.MAJ_MIN7	1			1	7	KeyMode.MAJOR	1/32	61	3/8
2	2	ChordType.MAJ_MIN7	1			1	7	KeyMode.MAJOR	1/32	61	13/32
2	2	ChordType.MAJ_MIN7	1			1	7	KeyMode.MAJOR	1/32	61	7/16
2	2	ChordType.MAJ_MIN7	1			1	7	KeyMode.MAJOR	1/32	61	15/32
0	0	ChordType.MAJOR	2			0	0	KeyMode.MAJOR	1/24	62	0
0	0	ChordType.MAJOR	2			0	0	KeyMode.MAJOR	1/24	62	1/24
0	0	ChordType.MAJOR	2			0	0	KeyMode.MAJOR	1/24	62	1/12
0	0	ChordType.MAJOR	2			0	0	KeyMode.MAJOR	1/24	62	1/8
0	0	ChordType.MAJOR	2			0	0	KeyMode.MAJOR	1/24	62	1/6
0	0	ChordType.MAJOR	2			0	0	KeyMode.MAJOR	1/24	62	5/24
1	7	ChordType.MAJOR	0			0	0	KeyMode.MAJOR	1/24	62	1/4
1	7	ChordType.MAJOR	0			0	0	KeyMode.MAJOR	1/24	62	7/24
1	7	ChordType.MAJOR	0			0	0	KeyMode.MAJOR	1/24	62	1/3
1	7	ChordType.MAJOR	0			0	0	KeyMode.MAJOR	1/24	62	3/8
1	7	ChordType.MAJOR	0			0	0	KeyMode.MAJOR	1/24	62	5/12
1	7	ChordType.MAJOR	0			0	0	KeyMode.MAJOR	1/24	62	11/24
0	0	ChordType.MAJOR	0			0	0	KeyMode.MAJOR	1/32	63	0
0	0	ChordType.MAJOR	0			0	0	KeyMode.MAJOR	1/32	63	1/32
0	0	ChordType.MAJOR	0			0	0	KeyMode.MAJOR	1/32	63	1/16
0	0	ChordType.MAJOR	0			0	0	KeyMode.MAJOR	1/32	63	3/32
0	0	ChordType.MAJOR	0			0	0	KeyMode.MAJOR	1/32	63	1/8
0	0	ChordType.MAJOR	0			0	0	KeyMode.MAJOR	1/32	63	5/32
0	0	ChordType.MAJOR	0			0	0	KeyMode.MAJOR	1/32	63	3/16
0	0	ChordType.MAJOR	0			0	0	KeyMode.MAJOR	1/32	63	7/32
6	6	ChordType.DIM7	2			1	7	KeyMode.MAJOR	1/24	63	1/4
6	6	ChordType.DIM7	2			1	7	KeyMode.MAJOR	1/24	63	7/24
6	6	ChordType.DIM7	2			1	7	KeyMode.MAJOR	1/24	63	1/3
6	6	ChordType.DIM7	2			1	7	KeyMode.MAJOR	1/24	63	3/8
6	6	ChordType.DIM7	2			1	7	KeyMode.MAJOR	1/24	63	5/12
6	6	ChordType.DIM7	2			1	7	KeyMode.MAJOR	1/24	63	11/24
1	7	ChordType.MAJOR	0			0	0	KeyMode.MAJOR	1/32	64	0
1	7	ChordType.MAJOR	0			0	0	KeyMode.MAJOR	1/32	64	1/32
1	7	ChordType.MAJOR	0			0	0	KeyMode.MAJOR	1/32	64	1/16
1	7	ChordType.MAJOR	0			0	0	KeyMode.MAJOR	1/32	64	3/32
1	7	ChordType.MAJOR	0			0	0	KeyMode.MAJOR	1/32	64	1/8
1	7	ChordType.MAJOR	0			0	0	KeyMode.MAJOR	1/32	64	5/32
1	7	ChordType.MAJOR	0			0	0	KeyMode.MAJOR	1/32	64	3/16
1	7	ChordType.MAJOR	0			0	0	KeyMode.MAJOR	1/32	64	7/32
1	7	ChordType.MAJOR	0			0	0	KeyMode.MAJOR	1/32	64	1/4
1	7	ChordType.MAJOR	0			0	0	KeyMode.MAJOR	1/32	64	9/32
1	7	ChordType.MAJOR	0			0	0	KeyMode.MAJOR	1/32	64	5/16
1	7	ChordType.MAJOR	0			0	0	KeyMode.MAJOR	1/32	64	11/32
1	7	ChordType.MAJOR	0			0	0	KeyMode.MAJOR	1/32	64	3/8
1	7	ChordType.MAJOR	0			0	0	KeyMode.MAJOR	1/32	64	13/32
1	7	ChordType.MAJOR	0			0	0	KeyMode.MAJOR	1/32	64	7/16
1	7	ChordType.MAJOR	0			0	0	KeyMode.MAJOR	1/32	64	15/32
0	0	ChordType.MAJOR	0			0	0	KeyMode.MAJOR	1/4	65	0
0	0	ChordType.MAJOR	0			0	0	KeyMode.MAJOR	1/4	65	1/4
0	0	ChordType.MAJOR	0			0	0	KeyMode.MAJOR	1/2	66	0
3	9	ChordType.MAJOR	0			2	2	KeyMode.MINOR	1/4	67	0
3	9	ChordType.MAJOR	0			2	2	KeyMode.MINOR	1/4	67	1/4
3	9	ChordType.MAJOR	0			2	2	KeyMode.MINOR	1/2	68	0
2	2	ChordType.MINOR	0			2	2	KeyMode.MINOR	1/24	69	0
2	2	ChordType.MINOR	0			2	2	KeyMode.MINOR	1/24	69	1/24
2	2	ChordType.MINOR	0			2	2	KeyMode.MINOR	1/24	69	1/12
2	2	ChordType.MINOR	0			2	2	KeyMode.MINOR	1/24	69	1/8
2	2	ChordType.MINOR	0			2	2	KeyMode.MINOR	1/24	69	1/6
2	2	ChordType.MINOR	0			2	2	KeyMode.MINOR	1/24	69	5/24
3	9	ChordType.MAJOR	0			2	2	KeyMode.MINOR	1/24	69	1/4
3	9	ChordType.MAJOR	0			2	2	KeyMode.MINOR	1/24	69	7/24
3	9	ChordType.MAJOR	0			2	2	KeyMode.MINOR	1/24	69	1/3
3	9	ChordType.MAJOR	0			2	2	KeyMode.MINOR	1/24	69	3/8
3	9	ChordType.MAJOR	0			2	2	KeyMode.MINOR	1/24	69	5/12
3	9	ChordType.MAJOR	0			2	2	KeyMode.MINOR	1/24	69	11/24
2	2	ChordType.MINOR	0			2	2	KeyMode.MINOR	1/16	70	0
2	2	ChordType.MINOR	0			2	2	KeyMode.MINOR	1/16	70	1/16
2	2	ChordType.MINOR	0			2	2	KeyMode.MINOR	1/16	70	1/8
2	2	ChordType.MINOR	0			2	2	KeyMode.MINOR	1/16	70	3/16
2	2	ChordType.MINOR	0			2	2	KeyMode.MINOR	1/16	70	1/4
2	2	ChordType.MINOR	0			2	2	KeyMode.MINOR	1/16	70	5/16
2	2	ChordType.MINOR	0			2	2	KeyMode.MINOR	1/16	70	3/8
2	2	ChordType.MINOR	0			2	2	KeyMode.MINOR	1/16	70	7/16
3	9	ChordType.MAJOR	0			2	2	KeyMode.MINOR	1/24	71	0
3	9	ChordType.MAJOR	0			2	2	KeyMode.MINOR	1/24	71	1/24
3	9	ChordType.MAJOR	0			2	2	KeyMode.MINOR	1/24	71	1/12
3	9	ChordType.MAJOR	0			2	2	KeyMode.MINOR	1/24	71	1/8
3	9	ChordType.MAJOR	0			2	2	KeyMode.MINOR	1/24	71	1/6
3	9	ChordType.MAJOR	0			2	2	KeyMode.MINOR	1/24	71	5/24
4	4	ChordType.MAJOR	0			3	9	KeyMode.MINOR	1/24	71	1/4
4	4	ChordType.MAJOR	0			3	9	KeyMode.MINOR	1/24	71	7/24
4	4	ChordType.MAJOR	0			3	9	KeyMode.MINOR	1/24	71	1/3
4	4	ChordType.MAJOR	0			3	9	KeyMode.MINOR	1/24	71	3/8
4	4	ChordType.MAJOR	0			3	9	KeyMode.MINOR	1/24	71	5/12
4	4	ChordType.MAJOR	0			3	9	KeyMode.MINOR	1/24	71	11/24
3	9	ChordType.MAJOR	0			2	2	KeyMode.MINOR	1/32	72	0
3	9	ChordType.MAJOR	0			2	2	KeyMode.MINOR	1/64	72	1/32
3	9	ChordType.MAJOR	0			2	2	KeyMode.MINOR	1/64	72	3/64
3	9	ChordType.MAJOR	0			2	2	KeyMode.MINOR	1/16	72	1/16
3	9	ChordType.MAJOR	0			2	2	KeyMode.MINOR	1/16	72	1/8
3	9	ChordType.MAJOR	0			2	2	KeyMode.MINOR	1/16	72	3/16
3	9	ChordType.MAJOR	0			2	2	KeyMode.MINOR	1/16	72	1/4
3	9	ChordType.MAJOR	0			2	2	KeyMode.MINOR	1/16	72	5/16
3	9	ChordType.MAJOR	0			2	2	KeyMode.MINOR	1/16	72	3/8
3	9	ChordType.MAJOR	0			2	2	KeyMode.MINOR	1/16	72	7/16
2	2	ChordType.MINOR	0			2	2	KeyMode.MINOR	1/24	73	0
2	2	ChordType.MINOR	0			2	2	KeyMode.MINOR	1/24	73	1/24
2	2	ChordType.MINOR	0			2	2	KeyMode.MINOR	1/24	73	1/12
2	2	ChordType.MINOR	0			2	2	KeyMode.MINOR	1/24	73	1/8
2	2	ChordType.MINOR	0			2	2	KeyMode.MINOR	1/24	73	1/6
2	2	ChordType.MINOR	0			2	2	KeyMode.MINOR	1/24	73	5/24
3	9	ChordType.MAJOR	0			2	2	KeyMode.MINOR	1/24	73	1/4
3	9	ChordType.MAJOR	0			2	2	KeyMode.MINOR	1/24	73	7/24
3	9	ChordType.MAJOR	0			2	2	KeyMode.MINOR	1/24	73	1/3
3	9	ChordType.MAJOR	0			2	2	KeyMode.MINOR	1/24	73	3/8
3	9	ChordType.MAJOR	0			2	2	KeyMode.MINOR	1/24	73	5/12
3	9	ChordType.MAJOR	0			2	2	KeyMode.MINOR	1/24	73	11/24
2	2	ChordType.MINOR	0			2	2	KeyMode.MINOR	1/24	74	0
2	2	ChordType.MINOR	0			2	2	KeyMode.MINOR	1/24	74	1/24
2	2	ChordType.MINOR	0			2	2	KeyMode.MINOR	1/24	74	1/12
2	2	ChordType.MINOR	0			2	2	KeyMode.MINOR	1/24	74	1/8
2	2	ChordType.MINOR	0			2	2	KeyMode.MINOR	1/24	74	1/6
2	2	ChordType.MINOR	0			2	2	KeyMode.MINOR	1/24	74	5/24
2	2	ChordType.MINOR	0			2	2	KeyMode.MINOR	1/16	74	1/4
2	2	ChordType.MINOR	0			2	2	KeyMode.MINOR	1/16	74	5/16
2	2	ChordType.MINOR	0			2	2	KeyMode.MINOR	1/16	74	3/8
2	2	ChordType.MINOR	0			2	2	KeyMode.MINOR	1/16	74	7/16
3	9	ChordType.MAJOR	0			2	2	KeyMode.MINOR	1/24	75	0
3	9	ChordType.MAJOR	0			2	2	KeyMode.MINOR	1/24	75	1/24
3	9	ChordType.MAJOR	0			2	2	KeyMode.MINOR	1/24	75	1/12
3	9	ChordType.MAJOR	0			2	2	KeyMode.MINOR	1/24	75	1/8
3	9	ChordType.MAJOR	0			2	2	KeyMode.MINOR	1/24	75	1/6
3	9	ChordType.MAJOR	0			2	2	KeyMode.MINOR	1/24	75	5/24
4	4	ChordType.MAJOR	0			3	9	KeyMode.MINOR	1/24	75	1/4
4	4	ChordType.MAJOR	0			3	9	KeyMode.MINOR	1/24	75	7/24
4	4	ChordType.MAJOR	0			3	9	KeyMode.MINOR	1/24	75	1/3
4	4	ChordType.MAJOR	0			3	9	KeyMode.MINOR	1/24	75	3/8
4	4	ChordType.MAJOR	0			3	9	KeyMode.MINOR	1/24	75	5/12
4	4	ChordType.MAJOR	0			3	9	KeyMode.MINOR	1/24	75	11/24
3	9	ChordType.MAJOR	0			2	2	KeyMode.MINOR	1/16	76	0
3	9	ChordType.MAJOR	0			2	2	KeyMode.MINOR	1/16	76	1/16
3	9	ChordType.MAJOR	0			2	2	KeyMode.MINOR	1/16	76	1/8
3	9	ChordType.MAJOR	0			2	2	KeyMode.MINOR	1/16	76	3/16
3	9	ChordType.MAJOR	0			2	2	KeyMode.MINOR	1/16	76	1/4
3	9	ChordType.MAJOR	0			2	2	KeyMode.MINOR	1/16	76	5/16
3	9	ChordType.MAJOR	0			2	2	KeyMode.MINOR	1/16	76	3/8
3	9	ChordType.MAJOR	0			2	2	KeyMode.MINOR	1/16	76	7/16
2	2	ChordType.MINOR	0			2	2	KeyMode.MINOR	1/24	77	0
2	2	ChordType.MINOR	0			2	2	KeyMode.MINOR	1/24	77	1/24
2	2	ChordType.MINOR	0			2	2	KeyMode.MINOR	1/24	77	1/12
2	2	ChordType.MINOR	0			2	2	KeyMode.MINOR	1/24	77	1/8
2	2	ChordType.MINOR	0			2	2	KeyMode.MINOR	1/24	77	1/6
2	2	ChordType.MINOR	0			2	2	KeyMode.MINOR	1/24	77	5/24
2	2	ChordType.MINOR	0			2	2	KeyMode.MINOR	1/24	77	1/4
2	2	ChordType.MINOR	0			2	2	KeyMode.MINOR	1/24	77	7/24
2	2	ChordType.MINOR	0			2	2	KeyMode.MINOR	1/24	77	1/3
2	2	ChordType.MINOR	0			2	2	KeyMode.MINOR	1/24	77	3/8
2	2	ChordType.MINOR	0			2	2	KeyMode.MINOR	1/24	77	5/12
2	2	ChordType.MINOR	0			2	2	KeyMode.MINOR	1/24	77	11/24
3	9	ChordType.MAJ_MIN7	2			2	2	KeyMode.MINOR	1/24	78	0
3	9	ChordType.MAJ_MIN7	2			2	2	KeyMode.MINOR	1/24	78	1/24
3	9	ChordType.MAJ_MIN7	2			2	2	KeyMode.MINOR	1/24	78	1/12
3	9	ChordType.MAJ_MIN7	2			2	2	KeyMode.MINOR	1/24	78	1/8
3	9	ChordType.MAJ_MIN7	2			2	2	KeyMode.MINOR	1/24	78	1/6
3	9	ChordType.MAJ_MIN7	2			2	2	KeyMode.MINOR	1/24	78	5/24
3	9	ChordType.MAJ_MIN7	2			2	2	KeyMode.MINOR	1/24	78	1/4
3	9	ChordType.MAJ_MIN7	2			2	2	KeyMode.MINOR	1/24	78	7/24
3	9	ChordType.MAJ_MIN7	2			2	2	KeyMode.MINOR	1/24	78	1/3
3	9	ChordType.MAJ_MIN7	2			2	2	KeyMode.MINOR	1/24	78	3/8
3	9	ChordType.MAJ_MIN7	2			2	2	KeyMode.MINOR	1/24	78	5/12
3	9	ChordType.MAJ_MIN7	2			2	2	KeyMode.MINOR	1/24	78	11/24
2	2	ChordType.MINOR	1			2	2	KeyMode.MINOR	1/24	79	0
2	2	ChordType.MINOR	1			2	2	KeyMode.MINOR	1/24	79	1/24
2	2	ChordType.MINOR	1			2	2	KeyMode.MINOR	1/24	79	1/12
2	2	ChordType.MINOR	1			2	2	KeyMode.MINOR	1/24	79	1/8
2	2	ChordType.MINOR	1			2	2	KeyMode.MINOR	1/24	79	1/6
2	2	ChordType.MINOR	1			2	2	KeyMode.MINOR	1/24	79	5/24
2	2	ChordType.MINOR	1			2	2	KeyMode.MINOR	1/24	79	1/4
2	2	ChordType.MINOR	1			2	2	KeyMode.MINOR	1/24	79	7/24
2	2	ChordType.MINOR	1			2	2	KeyMode.MINOR	1/24	79	1/3
2	2	ChordType.MINOR	1			2	2	KeyMode.MINOR	1/24	79	3/8
2	2	ChordType.MINOR	1			2	2	KeyMode.MINOR	1/24	79	5/12
2	2	ChordType.MINOR	1			2	2	KeyMode.MINOR	1/24	79	11/24
3	9	ChordType.MAJ_MIN7	1			2	2	KeyMode.MINOR	1/24	80	0
3	9	ChordType.MAJ_MIN7	1			2	2	KeyMode.MINOR	1/24	80	1/24
3	9	ChordType.MAJ_MIN7	1			2	2	KeyMode.MINOR	1/24	80	1/12
3	9	ChordType.MAJ_MIN7	1			2	2	KeyMode.MINOR	1/24	80	1/8
3	9	ChordType.MAJ_MIN7	1			2	2	KeyMode.MINOR	1/24	80	1/6
3	9	ChordType.MAJ_MIN7	1			2	2	KeyMode.MINOR	1/24	80	5/24
3	9	ChordType.MAJ_MIN7	1			2	2	KeyMode.MINOR	1/24	80	1/4
3	9	ChordType.MAJ_MIN7	1			2	2	KeyMode.MINOR	1/24	80	7/24
3	9	ChordType.MAJ_MIN7	1			2	2	KeyMode.MINOR	1/24	80	1/3
3	9	ChordType.MAJ_MIN7	1			2	2	KeyMode.MINOR	1/24	80	3/8
3	9	ChordType.MAJ_MIN7	1			2	2	KeyMode.MINOR	1/24	80	5/12
3	9	ChordType.MAJ_MIN7	1			2	2	KeyMode.MINOR	1/24	80	11/24
2	2	ChordType.MINOR	0			2	2	KeyMode.MINOR	1/24	81	0
2	2	ChordType.MINOR	0			2	2	KeyMode.MINOR	1/24	81	1/24
2	2	ChordType.MINOR	0			2	2	KeyMode.MINOR	1/24	81	1/12
2	2	ChordType.MINOR	0			2	2	KeyMode.MINOR	1/24	81	1/8
2	2	ChordType.MINOR	0			2	2	KeyMode.MINOR	1/24	81	1/6
2	2	ChordType.MINOR	0			2	2	KeyMode.MINOR	1/24	81	5/24
6	6	ChordType.DIMINISHED	2			1	7	KeyMode.MINOR	1/24	81	1/4
6	6	ChordType.DIMINISHED	2			1	7	KeyMode.MINOR	1/24	81	7/24
6	6	ChordType.DIMINISHED	2			1	7	KeyMode.MINOR	1/24	81	1/3
6	6	ChordType.DIMINISHED	2			1	7	KeyMode.MINOR	1/24	81	3/8
6	6	ChordType.DIMINISHED	2			1	7	KeyMode.MINOR	1/24	81	5/12
6	6	ChordType.DIMINISHED	2			1	7	KeyMode.MINOR	1/24	81	11/24
1	7	ChordType.MINOR	1			1	7	KeyMode.MINOR	1/24	82	0
1	7	ChordType.MINOR	1			1	7	KeyMode.MINOR	1/24	82	1/24
1	7	ChordType.MINOR	1			1	7	KeyMode.MINOR	1/24	82	1/12
1	7	ChordType.MINOR	1			1	7	KeyMode.MINOR	1/24	82	1/8
1	7	ChordType.MINOR	1			1	7	KeyMode.MINOR	1/24	82	1/6
1	7	ChordType.MINOR	1			1	7	KeyMode.MINOR	1/24	82	5/24
6	6	ChordType.DIMINISHED	0			1	7	KeyMode.MINOR	1/24	82	1/4
6	6	ChordType.DIMINISHED	0			1	7	KeyMode.MINOR	1/24	82	7/24
6	6	ChordType.DIMINISHED	0			1	7	KeyMode.MINOR	1/24	82	1/3
6	6	ChordType.DIMINISHED	0			1	7	KeyMode.MINOR	1/24	82	3/8
6	6	ChordType.DIMINISHED	0			1	7	KeyMode.MINOR	1/24	82	5/12
6	6	ChordType.DIMINISHED	0			1	7	KeyMode.MINOR	1/24	82	11/24
1	7	ChordType.MINOR	0			1	7	KeyMode.MINOR	1/24	83	0
1	7	ChordType.MINOR	0			1	7	KeyMode.MINOR	1/24	83	1/24
1	7	ChordType.MINOR	0			1	7	KeyMode.MINOR	1/24	83	1/12
1	7	ChordType.MINOR	0			1	7	KeyMode.MINOR	1/24	83	1/8
1	7	ChordType.MINOR	0			1	7	KeyMode.MINOR	1/24	83	1/6
1	7	ChordType.MINOR	0			1	7	KeyMode.MINOR	1/24	83	5/24
1	7	ChordType.MINOR	0			1	7	KeyMode.MINOR	1/24	83	1/4
1	7	ChordType.MINOR	0			1	7	KeyMode.MINOR	1/24	83	7/24
1	7	ChordType.MINOR	0			1	7	KeyMode.MINOR	1/24	83	1/3
1	7	ChordType.MINOR	0			1	7	KeyMode.MINOR	1/24	83	3/8
1	7	ChordType.MINOR	0			1	7	KeyMode.MINOR	1/24	83	5/12
1	7	ChordType.MINOR	0			1	7	KeyMode.MINOR	1/24	83	11/24
2	2	ChordType.MAJ_MIN7	2			1	7	KeyMode.MINOR	1/24	84	0
2	2	ChordType.MAJ_MIN7	2			1	7	KeyMode.MINOR	1/24	84	1/24
2	2	ChordType.MAJ_MIN7	2			1	7	KeyMode.MINOR	1/24	84	1/12
2	2	ChordType.MAJ_MIN7	2			1	7	KeyMode.MINOR	1/24	84	1/8
2	2	ChordType.MAJ_MIN7	2			1	7	KeyMode.MINOR	1/24	84	1/6
2	2	ChordType.MAJ_MIN7	2			1	7	KeyMode.MINOR	1/24	84	5/24
2	2	ChordType.MAJ_MIN7	2			1	7	KeyMode.MINOR	1/24	84	1/4
2	2	ChordType.MAJ_MIN7	2			1	7	KeyMode.MINOR	1/24	84	7/24
2	2	ChordType.MAJ_MIN7	2			1	7	KeyMode.MINOR	1/24	84	1/3
2	2	ChordType.MAJ_MIN7	2			1	7	KeyMode.MINOR	1/24	84	3/8
2	2	ChordType.MAJ_MIN7	2			1	7	KeyMode.MINOR	1/24	84	5/12
2	2	ChordType.MAJ_MIN7	2			1	7	KeyMode.MINOR	1/24	84	11/24
1	7	ChordType.MINOR	1			1	7	KeyMode.MINOR	1/24	85	0
1	7	ChordType.MINOR	1			1	7	KeyMode.MINOR	1/24	85	1/24
1	7	ChordType.MINOR	1			1	7	KeyMode.MINOR	1/24	85	1/12
1	7	ChordType.MINOR	1			1	7	KeyMode.MINOR	1/24	85	1/8
1	7	ChordType.MINOR	1			1	7	KeyMode.MINOR	1/24	85	1/6
1	7	ChordType.MINOR	1			1	7	KeyMode.MINOR	1/24	85	5/24
1	7	ChordType.MINOR	1			1	7	KeyMode.MINOR	1/24	85	1/4
1	7	ChordType.MINOR	1			1	7	KeyMode.MINOR	1/24	85	7/24
1	7	ChordType.MINOR	1			1	7	KeyMode.MINOR	1/24	85	1/3
1	7	ChordType.MINOR	1			1	7	KeyMode.MINOR	1/24	85	3/8
1	7	ChordType.MINOR	1			1	7	KeyMode.MINOR	1/24	85	5/12
1	7	ChordType.MINOR	1			1	7	KeyMode.MINOR	1/24	85	11/24
2	2	ChordType.MAJ_MIN7	1			1	7	KeyMode.MINOR	1/24	86	0
2	2	ChordType.MAJ_MIN7	1			1	7	KeyMode.MINOR	1/24	86	1/24
2	2	ChordType.MAJ_MIN7	1			1	7	KeyMode.MINOR	1/24	86	1/12
2	2	ChordType.MAJ_MIN7	1			1	7	KeyMode.MINOR	1/24	86	1/8
2	2	ChordType.MAJ_MIN7	1			1	7	KeyMode.MINOR	1/24	86	1/6
2	2	ChordType.MAJ_MIN7	1			1	7	KeyMode.MINOR	1/24	86	5/24
2	2	ChordType.MAJ_MIN7	1			1	7	KeyMode.MINOR	1/24	86	1/4
2	2	ChordType.MAJ_MIN7	1			1	7	KeyMode.MINOR	1/24	86	7/24
2	2	ChordType.MAJ_MIN7	1			1	7	KeyMode.MINOR	1/24	86	1/3
2	2	ChordType.MAJ_MIN7	1			1	7	KeyMode.MINOR	1/24	86	3/8
2	2	ChordType.MAJ_MIN7	1			1	7	KeyMode.MINOR	1/24	86	5/12
2	2	ChordType.MAJ_MIN7	1			1	7	KeyMode.MINOR	1/24	86	11/24
1	7	ChordType.MINOR	0			1	7	KeyMode.MINOR	1/24	87	0
1	7	ChordType.MINOR	0			1	7	KeyMode.MINOR	1/24	87	1/24
1	7	ChordType.MINOR	0			1	7	KeyMode.MINOR	1/24	87	1/12
1	7	ChordType.MINOR	0			1	7	KeyMode.MINOR	1/24	87	1/8
1	7	ChordType.MINOR	0			1	7	KeyMode.MINOR	1/24	87	1/6
1	7	ChordType.MINOR	0			1	7	KeyMode.MINOR	1/24	87	5/24
6	6	ChordType.DIMINISHED	2			1	7	KeyMode.MINOR	1/24	87	1/4
6	6	ChordType.DIMINISHED	2			1	7	KeyMode.MINOR	1/24	87	7/24
6	6	ChordType.DIMINISHED	2			1	7	KeyMode.MINOR	1/24	87	1/3
6	6	ChordType.DIMINISHED	2			1	7	KeyMode.MINOR	1/24	87	3/8
6	6	ChordType.DIMINISHED	2			1	7	KeyMode.MINOR	1/24	87	5/12
6	6	ChordType.DIMINISHED	2			1	7	KeyMode.MINOR	1/24	87	11/24
1	7	ChordType.MINOR	1			1	7	KeyMode.MINOR	1/24	88	0
1	7	ChordType.MINOR	1			1	7	KeyMode.MINOR	1/24	88	1/24
1	7	ChordType.MINOR	1			1	7	KeyMode.MINOR	1/24	88	1/12
1	7	ChordType.MINOR	1			1	7	KeyMode.MINOR	1/24	88	1/8
1	7	ChordType.MINOR	1			1	7	KeyMode.MINOR	1/24	88	1/6
1	7	ChordType.MINOR	1			1	7	KeyMode.MINOR	1/24	88	5/24
6	6	ChordType.DIMINISHED	0			1	7	KeyMode.MINOR	1/24	88	1/4
6	6	ChordType.DIMINISHED	0			1	7	KeyMode.MINOR	1/24	88	7/24
6	6	ChordType.DIMINISHED	0			1	7	KeyMode.MINOR	1/24	88	1/3
6	6	ChordType.DIMINISHED	0			1	7	KeyMode.MINOR	1/24	88	3/8
6	6	ChordType.DIMINISHED	0			1	7	KeyMode.MINOR	1/24	88	5/12
6	6	ChordType.DIMINISHED	0			1	7	KeyMode.MINOR	1/24	88	11/24
1	7	ChordType.MINOR	0			1	7	KeyMode.MINOR	1/24	89	0
1	7	ChordType.MINOR	0			1	7	KeyMode.MINOR	1/24	89	1/24
1	7	ChordType.MINOR	0			1	7	KeyMode.MINOR	1/24	89	1/12
1	7	ChordType.MINOR	0			1	7	KeyMode.MINOR	1/24	89	1/8
1	7	ChordType.MINOR	0			1	7	KeyMode.MINOR	1/24	89	1/6
1	7	ChordType.MINOR	0			1	7	KeyMode.MINOR	1/24	89	5/24
4	4	ChordType.DIMINISHED	2			-1	5	KeyMode.MAJOR	1/24	89	1/4
4	4	ChordType.DIMINISHED	2			-1	5	KeyMode.MAJOR	1/24	89	7/24
4	4	ChordType.DIMINISHED	2			-1	5	KeyMode.MAJOR	1/24	89	1/3
4	4	ChordType.DIMINISHED	2			-1	5	KeyMode.MAJOR	1/24	89	3/8
4	4	ChordType.DIMINISHED	2			-1	5	KeyMode.MAJOR	1/24	89	5/12
4	4	ChordType.DIMINISHED	2			-1	5	KeyMode.MAJOR	1/24	89	11/24
-1	5	ChordType.MAJ_MIN7	0			-2	10	KeyMode.MAJOR	1/24	90	0
-1	5	ChordType.MAJ_MIN7	0			-2	10	KeyMode.MAJOR	1/24	90	1/24
-1	5	ChordType.MAJ_MIN7	0			-2	10	KeyMode.MAJOR	1/24	90	1/12
-1	5	ChordType.MAJ_MIN7	0			-2	10	KeyMode.MAJOR	1/24	90	1/8
-1	5	ChordType.MAJ_MIN7	0			-2	10	KeyMode.MAJOR	1/24	90	1/6
-1	5	ChordType.MAJ_MIN7	0			-2	10	KeyMode.MAJOR	1/24	90	5/24
-1	5	ChordType.MAJ_MIN7	0			-2	10	KeyMode.MAJOR	1/24	90	1/4
-1	5	ChordType.MAJ_MIN7	0			-2	10	KeyMode.MAJOR	1/24	90	7/24
-1	5	ChordType.MAJ_MIN7	0			-2	10	KeyMode.MAJOR	1/24	90	1/3
-1	5	ChordType.MAJ_MIN7	0			-2	10	KeyMode.MAJOR	1/24	90	3/8
-1	5	ChordType.MAJ_MIN7	0			-2	10	KeyMode.MAJOR	1/24	90	5/12
-1	5	ChordType.MAJ_MIN7	0			-2	10	KeyMode.MAJOR	1/24	90	11/24
-2	10	ChordType.MAJOR	0			-2	10	KeyMode.MAJOR	1/24	91	0
-2	10	ChordType.MAJOR	0			-2	10	KeyMode.MAJOR	1/24	91	1/24
-2	10	ChordType.MAJOR	0			-2	10	KeyMode.MAJOR	1/24	91	1/12
-2	10	ChordType.MAJOR	0			-2	10	KeyMode.MAJOR	1/24	91	1/8
-2	10	ChordType.MAJOR	0			-2	10	KeyMode.MAJOR	1/24	91	1/6
-2	10	ChordType.MAJOR	0			-2	10	KeyMode.MAJOR	1/24	91	5/24
-2	10	ChordType.MAJOR	0			-2	10	KeyMode.MAJOR	1/24	91	1/4
-2	10	ChordType.MAJOR	0			-2	10	KeyMode.MAJOR	1/24	91	7/24
-2	10	ChordType.MAJOR	0			-2	10	KeyMode.MAJOR	1/24	91	1/3
-2	10	ChordType.MAJOR	0			-2	10	KeyMode.MAJOR	1/24	91	3/8
-2	10	ChordType.MAJOR	0			-2	10	KeyMode.MAJOR	1/24	91	5/12
-2	10	ChordType.MAJOR	0			-2	10	KeyMode.MAJOR	1/24	91	11/24
-1	5	ChordType.MAJ_MIN7	2			-2	10	KeyMode.MAJOR	1/24	92	0
-1	5	ChordType.MAJ_MIN7	2			-2	10	KeyMode.MAJOR	1/24	92	1/24
-1	5	ChordType.MAJ_MIN7	2			-2	10	KeyMode.MAJOR	1/24	92	1/12
-1	5	ChordType.MAJ_MIN7	2			-2	10	KeyMode.MAJOR	1/24	92	1/8
-1	5	ChordType.MAJ_MIN7	2			-2	10	KeyMode.MAJOR	1/24	92	1/6
-1	5	ChordType.MAJ_MIN7	2			-2	10	KeyMode.MAJOR	1/24	92	5/24
-1	5	ChordType.MAJ_MIN7	2			-2	10	KeyMode.MAJOR	1/24	92	1/4
-1	5	ChordType.MAJ_MIN7	2			-2	10	KeyMode.MAJOR	1/24	92	7/24
-1	5	ChordType.MAJ_MIN7	2			-2	10	KeyMode.MAJOR	1/24	92	1/3
-1	5	ChordType.MAJ_MIN7	2			-2	10	KeyMode.MAJOR	1/24	92	3/8
-1	5	ChordType.MAJ_MIN7	2			-2	10	KeyMode.MAJOR	1/24	92	5/12
-1	5	ChordType.MAJ_MIN7	2			-2	10	KeyMode.MAJOR	1/24	92	11/24
-2	10	ChordType.MAJOR	1			-2	10	KeyMode.MAJOR	1/24	93	0
-2	10	ChordType.MAJOR	1			-2	10	KeyMode.MAJOR	1/24	93	1/24
-2	10	ChordType.MAJOR	1			-2	10	KeyMode.MAJOR	1/24	93	1/12
-2	10	ChordType.MAJOR	1			-2	10	KeyMode.MAJOR	1/24	93	1/8
-2	10	ChordType.MAJOR	1			-2	10	KeyMode.MAJOR	1/24	93	1/6
-2	10	ChordType.MAJOR	1			-2	10	KeyMode.MAJOR	1/24	93	5/24
-2	10	ChordType.MAJOR	1			-2	10	KeyMode.MAJOR	1/24	93	1/4
-2	10	ChordType.MAJOR	1			-2	10	KeyMode.MAJOR	1/24	93	7/24
-2	10	ChordType.MAJOR	1			-2	10	KeyMode.MAJOR	1/24	93	1/3
-2	10	ChordType.MAJOR	1			-2	10	KeyMode.MAJOR	1/24	93	3/8
-2	10	ChordType.MAJOR	1			-2	10	KeyMode.MAJOR	1/24	93	5/12
-2	10	ChordType.MAJOR	1			-2	10	KeyMode.MAJOR	1/24	93	11/24
-1	5	ChordType.MAJ_MIN7	1			-2	10	KeyMode.MAJOR	1/24	94	0
-1	5	ChordType.MAJ_MIN7	1			-2	10	KeyMode.MAJOR	1/24	94	1/24
-1	5	ChordType.MAJ_MIN7	1			-2	10	KeyMode.MAJOR	1/24	94	1/12
-1	5	ChordType.MAJ_MIN7	1			-2	10	KeyMode.MAJOR	1/24	94	1/8
-1	5	ChordType.MAJ_MIN7	1			-2	10	KeyMode.MAJOR	1/24	94	1/6
-1	5	ChordType.MAJ_MIN7	1			-2	10	KeyMode.MAJOR	1/24	94	5/24
-1	5	ChordType.MAJ_MIN7	1			-2	10	KeyMode.MAJOR	1/24	94	1/4
-1	5	ChordType.MAJ_MIN7	1			-2	10	KeyMode.MAJOR	1/24	94	7/24
-1	5	ChordType.MAJ_MIN7	1			-2	10	KeyMode.MAJOR	1/24	94	1/3
-1	5	ChordType.MAJ_MIN7	1			-2	10	KeyMode.MAJOR	1/24	94	3/8
-1	5	ChordType.MAJ_MIN7	1			-2	10	KeyMode.MAJOR	1/24	94	5/12
-1	5	ChordType.MAJ_MIN7	1			-2	10	KeyMode.MAJOR	1/24	94	11/24
-2	10	ChordType.MAJOR	0			-2	10	KeyMode.MAJOR	1/24	95	0
-2	10	ChordType.MAJOR	0			-2	10	KeyMode.MAJOR	1/24	95	1/24
-2	10	ChordType.MAJOR	0			-2	10	KeyMode.MAJOR	1/24	95	1/12
-2	10	ChordType.MAJOR	0			-2	10	KeyMode.MAJOR	1/24	95	1/8
-2	10	ChordType.MAJOR	0			-2	10	KeyMode.MAJOR	1/24	95	1/6
-2	10	ChordType.MAJOR	0			-2	10	KeyMode.MAJOR	1/24	95	5/24
-2	10	ChordType.MAJOR	0			-2	10	KeyMode.MAJOR	1/24	95	1/4
-2	10	ChordType.MAJOR	0			-2	10	KeyMode.MAJOR	1/24	95	7/24
-2	10	ChordType.MAJOR	0			-2	10	KeyMode.MAJOR	1/24	95	1/3
-2	10	ChordType.MAJOR	0			-2	10	KeyMode.MAJOR	1/24	95	3/8
-2	10	ChordType.MAJOR	0			-2	10	KeyMode.MAJOR	1/24	95	5/12
-2	10	ChordType.MAJOR	0			-2	10	KeyMode.MAJOR	1/24	95	11/24
-2	10	ChordType.MAJOR	0			-2	10	KeyMode.MAJOR	1/24	96	0
-2	10	ChordType.MAJOR	0			-2	10	KeyMode.MAJOR	1/24	96	1/24
-2	10	ChordType.MAJOR	0			-2	10	KeyMode.MAJOR	1/24	96	1/12
-2	10	ChordType.MAJOR	0			-2	10	KeyMode.MAJOR	1/24	96	1/8
-2	10	ChordType.MAJOR	0			-2	10	KeyMode.MAJOR	1/24	96	1/6
-2	10	ChordType.MAJOR	0			-2	10	KeyMode.MAJOR	1/24	96	5/24
-2	10	ChordType.MAJOR	0			-2	10	KeyMode.MAJOR	1/16	96	1/4
-2	10	ChordType.MAJOR	0			-2	10	KeyMode.MAJOR	1/16	96	5/16
-2	10	ChordType.MAJOR	0			-2	10	KeyMode.MAJOR	1/16	96	3/8
-2	10	ChordType.MAJOR	0			-2	10	KeyMode.MAJOR	1/16	96	7/16
-1	5	ChordType.MAJ_MIN7	0			-2	10	KeyMode.MAJOR	1/24	97	0
-1	5	ChordType.MAJ_MIN7	0			-2	10	KeyMode.MAJOR	1/24	97	1/24
-1	5	ChordType.MAJ_MIN7	0			-2	10	KeyMode.MAJOR	1/24	97	1/12
-1	5	ChordType.MAJ_MIN7	0			-2	10	KeyMode.MAJOR	1/24	97	1/8
-1	5	ChordType.MAJ_MIN7	0			-2	10	KeyMode.MAJOR	1/24	97	1/6
-1	5	ChordType.MAJ_MIN7	0			-2	10	KeyMode.MAJOR	1/24	97	5/24
-1	5	ChordType.MAJ_MIN7	0			-2	10	KeyMode.MAJOR	1/24	97	1/4
-1	5	ChordType.MAJ_MIN7	0			-2	10	KeyMode.MAJOR	1/24	97	7/24
-1	5	ChordType.MAJ_MIN7	0			-2	10	KeyMode.MAJOR	1/24	97	1/3
-1	5	ChordType.MAJ_MIN7	0			-2	10	KeyMode.MAJOR	1/24	97	3/8
-1	5	ChordType.MAJ_MIN7	0			-2	10	KeyMode.MAJOR	1/24	97	5/12
-1	5	ChordType.MAJ_MIN7	0			-2	10	KeyMode.MAJOR	1/24	97	11/24
-1	5	ChordType.MAJ_MIN7	0			-2	10	KeyMode.MAJOR	1/24	98	0
-1	5	ChordType.MAJ_MIN7	0			-2	10	KeyMode.MAJOR	1/24	98	1/24
-1	5	ChordType.MAJ_MIN7	0			-2	10	KeyMode.MAJOR	1/24	98	1/12
-1	5	ChordType.MAJ_MIN7	0			-2	10	KeyMode.MAJOR	1/24	98	1/8
-1	5	ChordType.MAJ_MIN7	0			-2	10	KeyMode.MAJOR	1/24	98	1/6
-1	5	ChordType.MAJ_MIN7	0			-2	10	KeyMode.MAJOR	1/24	98	5/24
-1	5	ChordType.MAJ_MIN7	0			-2	10	KeyMode.MAJOR	1/16	98	1/4
-1	5	ChordType.MAJ_MIN7	0			-2	10	KeyMode.MAJOR	1/16	98	5/16
-1	5	ChordType.MAJ_MIN7	0			-2	10	KeyMode.MAJOR	1/16	98	3/8
-1	5	ChordType.MAJ_MIN7	0			-2	10	KeyMode.MAJOR	1/16	98	7/16
-2	10	ChordType.MINOR	0			-2	10	KeyMode.MINOR	1/24	99	0
-2	10	ChordType.MINOR	0			-2	10	KeyMode.MINOR	1/24	99	1/24
-2	10	ChordType.MINOR	0			-2	10	KeyMode.MINOR	1/24	99	1/12
-2	10	ChordType.MINOR	0			-2	10	KeyMode.MINOR	1/24	99	1/8
-2	10	ChordType.MINOR	0			-2	10	KeyMode.MINOR	1/24	99	1/6
-2	10	ChordType.MINOR	0			-2	10	KeyMode.MINOR	1/24	99	5/24
-2	10	ChordType.MINOR	0			-2	10	KeyMode.MINOR	1/24	99	1/4
-2	10	ChordType.MINOR	0			-2	10	KeyMode.MINOR	1/24	99	7/24
-2	10	ChordType.MINOR	0			-2	10	KeyMode.MINOR	1/24	99	1/3
-2	10	ChordType.MINOR	0			-2	10	KeyMode.MINOR	1/24	99	3/8
-2	10	ChordType.MINOR	0			-2	10	KeyMode.MINOR	1/24	99	5/12
-2	10	ChordType.MINOR	0			-2	10	KeyMode.MINOR	1/24	99	11/24
-2	10	ChordType.MINOR	0			-2	10	KeyMode.MINOR	1/24	100	0
-2	10	ChordType.MINOR	0			-2	10	KeyMode.MINOR	1/24	100	1/24
-2	10	ChordType.MINOR	0			-2	10	KeyMode.MINOR	1/24	100	1/12
-2	10	ChordType.MINOR	0			-2	10	KeyMode.MINOR	1/24	100	1/8
-2	10	ChordType.MINOR	0			-2	10	KeyMode.MINOR	1/24	100	1/6
-2	10	ChordType.MINOR	0			-2	10	KeyMode.MINOR	1/24	100	5/24
-2	10	ChordType.MINOR	0			-2	10	KeyMode.MINOR	1/16	100	1/4
-2	10	ChordType.MINOR	0			-2	10	KeyMode.MINOR	1/16	100	5/16
-2	10	ChordType.MINOR	0			-2	10	KeyMode.MINOR	1/16	100	3/8
-2	10	ChordType.MINOR	0			-2	10	KeyMode.MINOR	1/16	100	7/16
-1	5	ChordType.MAJ_MIN7	0			-2	10	KeyMode.MINOR	1/24	101	0
-1	5	ChordType.MAJ_MIN7	0			-2	10	KeyMode.MINOR	1/24	101	1/24
-1	5	ChordType.MAJ_MIN7	0			-2	10	KeyMode.MINOR	1/24	101	1/12
-1	5	ChordType.MAJ_MIN7	0			-2	10	KeyMode.MINOR	1/24	101	1/8
-1	5	ChordType.MAJ_MIN7	0			-2	10	KeyMode.MINOR	1/24	101	1/6
-1	5	ChordType.MAJ_MIN7	0			-2	10	KeyMode.MINOR	1/24	101	5/24
-1	5	ChordType.MAJ_MIN7	0			-2	10	KeyMode.MINOR	1/24	101	1/4
-1	5	ChordType.MAJ_MIN7	0			-2	10	KeyMode.MINOR	1/24	101	7/24
-1	5	ChordType.MAJ_MIN7	0			-2	10	KeyMode.MINOR	1/24	101	1/3
-1	5	ChordType.MAJ_MIN7	0			-2	10	KeyMode.MINOR	1/24	101	3/8
-1	5	ChordType.MAJ_MIN7	0			-2	10	KeyMode.MINOR	1/24	101	5/12
-1	5	ChordType.MAJ_MIN7	0			-2	10	KeyMode.MINOR	1/24	101	11/24
-1	5	ChordType.MAJ_MIN7	0			-2	10	KeyMode.MINOR	1/24	102	0
-1	5	ChordType.MAJ_MIN7	0			-2	10	KeyMode.MINOR	1/24	102	1/24
-1	5	ChordType.MAJ_MIN7	0			-2	10	KeyMode.MINOR	1/24	102	1/12
-1	5	ChordType.MAJ_MIN7	0			-2	10	KeyMode.MINOR	1/24	102	1/8
-1	5	ChordType.MAJ_MIN7	0			-2	10	KeyMode.MINOR	1/24	102	1/6
-1	5	ChordType.MAJ_MIN7	0			-2	10	KeyMode.MINOR	1/24	102	5/24
-1	5	ChordType.MAJ_MIN7	0			-2	10	KeyMode.MINOR	1/16	102	1/4
-1	5	ChordType.MAJ_MIN7	0			-2	10	KeyMode.MINOR	1/16	102	5/16
-1	5	ChordType.MAJ_MIN7	0			-2	10	KeyMode.MINOR	1/16	102	3/8
-1	5	ChordType.MAJ_MIN7	0			-2	10	KeyMode.MINOR	1/16	102	7/16
-2	10	ChordType.MINOR	0			-2	10	KeyMode.MINOR	1/24	103	0
-2	10	ChordType.MINOR	0			-2	10	KeyMode.MINOR	1/24	103	1/24
-2	10	ChordType.MINOR	0			-2	10	KeyMode.MINOR	1/24	103	1/12
-2	10	ChordType.MINOR	0			-2	10	KeyMode.MINOR	1/24	103	1/8
-2	10	ChordType.MINOR	0			-2	10	KeyMode.MINOR	1/24	103	1/6
-2	10	ChordType.MINOR	0			-2	10	KeyMode.MINOR	1/24	103	5/24
-2	10	ChordType.MINOR	0			-2	10	KeyMode.MINOR	1/24	103	1/4
-2	10	ChordType.MINOR	0			-2	10	KeyMode.MINOR	1/24	103	7/24
-2	10	ChordType.MINOR	0			-2	10	KeyMode.MINOR	1/24	103	1/3
-2	10	ChordType.MINOR	0			-2	10	KeyMode.MINOR	1/24	103	3/8
-2	10	ChordType.MINOR	0			-2	10	KeyMode.MINOR	1/24	103	5/12
-2	10	ChordType.MINOR	0			-2	10	KeyMode.MINOR	1/24	103	11/24
-2	10	ChordType.MINOR	0			-2	10	KeyMode.MINOR	1/24	104	0
-2	10	ChordType.MINOR	0			-2	10	KeyMode.MINOR	1/24	104	1/24
-2	10	ChordType.MINOR	0			-2	10	KeyMode.MINOR	1/24	104	1/12
-2	10	ChordType.MINOR	0			-2	10	KeyMode.MINOR	1/24	104	1/8
-2	10	ChordType.MINOR	0			-2	10	KeyMode.MINOR	1/24	104	1/6
-2	10	ChordType.MINOR	0			-2	10	KeyMode.MINOR	1/24	104	5/24
-2	10	ChordType.MINOR	0			-2	10	KeyMode.MINOR	1/16	104	1/4
-2	10	ChordType.MINOR	0			-2	10	KeyMode.MINOR	1/16	104	5/16
-2	10	ChordType.MINOR	0			-2	10	KeyMode.MINOR	1/16	104	3/8
-2	10	ChordType.MINOR	0			-2	10	KeyMode.MINOR	1/16	104	7/16
0	0	ChordType.MAJ_MIN7	0			-1	5	KeyMode.MINOR	1/24	105	0
0	0	ChordType.MAJ_MIN7	0			-1	5	KeyMode.MINOR	1/24	105	1/24
0	0	ChordType.MAJ_MIN7	0			-1	5	KeyMode.MINOR	1/24	105	1/12
0	0	ChordType.MAJ_MIN7	0			-1	5	KeyMode.MINOR	1/24	105	1/8
0	0	ChordType.MAJ_MIN7	0			-1	5	KeyMode.MINOR	1/24	105	1/6
0	0	ChordType.MAJ_MIN7	0			-1	5	KeyMode.MINOR	1/24	105	5/24
0	0	ChordType.MAJ_MIN7	0			-1	5	KeyMode.MINOR	1/24	105	1/4
0	0	ChordType.MAJ_MIN7	0			-1	5	KeyMode.MINOR	1/24	105	7/24
0	0	ChordType.MAJ_MIN7	0			-1	5	KeyMode.MINOR	1/24	105	1/3
0	0	ChordType.MAJ_MIN7	0			-1	5	KeyMode.MINOR	1/24	105	3/8
0	0	ChordType.MAJ_MIN7	0			-1	5	KeyMode.MINOR	1/24	105	5/12
0	0	ChordType.MAJ_MIN7	0			-1	5	KeyMode.MINOR	1/24	105	11/24
0	0	ChordType.MAJ_MIN7	0			-1	5	KeyMode.MINOR	1/24	106	0
0	0	ChordType.MAJ_MIN7	0			-1	5	KeyMode.MINOR	1/24	106	1/24
0	0	ChordType.MAJ_MIN7	0			-1	5	KeyMode.MINOR	1/24	106	1/12
0	0	ChordType.MAJ_MIN7	0			-1	5	KeyMode.MINOR	1/24	106	1/8
0	0	ChordType.MAJ_MIN7	0			-1	5	KeyMode.MINOR	1/24	106	1/6
0	0	ChordType.MAJ_MIN7	0			-1	5	KeyMode.MINOR	1/24	106	5/24
0	0	ChordType.MAJ_MIN7	0			-1	5	KeyMode.MINOR	1/16	106	1/4
0	0	ChordType.MAJ_MIN7	0			-1	5	KeyMode.MINOR	1/16	106	5/16
0	0	ChordType.MAJ_MIN7	0			-1	5	KeyMode.MINOR	1/16	106	3/8
0	0	ChordType.MAJ_MIN7	0			-1	5	KeyMode.MINOR	1/16	106	7/16
-1	5	ChordType.MINOR	0			-1	5	KeyMode.MINOR	1/24	107	0
-1	5	ChordType.MINOR	0			-1	5	KeyMode.MINOR	1/24	107	1/24
-1	5	ChordType.MINOR	0			-1	5	KeyMode.MINOR	1/24	107	1/12
-1	5	ChordType.MINOR	0			-1	5	KeyMode.MINOR	1/24	107	1/8
-1	5	ChordType.MINOR	0			-1	5	KeyMode.MINOR	1/24	107	1/6
-1	5	ChordType.MINOR	0			-1	5	KeyMode.MINOR	1/24	107	5/24
-1	5	ChordType.MINOR	0			-1	5	KeyMode.MINOR	1/24	107	1/4
-1	5	ChordType.MINOR	0			-1	5	KeyMode.MINOR	1/24	107	7/24
-1	5	ChordType.MINOR	0			-1	5	KeyMode.MINOR	1/24	107	1/3
-1	5	ChordType.MINOR	0			-1	5	KeyMode.MINOR	1/24	107	3/8
-1	5	ChordType.MINOR	0			-1	5	KeyMode.MINOR	1/24	107	5/12
-1	5	ChordType.MINOR	0			-1	5	KeyMode.MINOR	1/24	107	11/24
-1	5	ChordType.MINOR	0			-1	5	KeyMode.MINOR	1/24	108	0
-1	5	ChordType.MINOR	0			-1	5	KeyMode.MINOR	1/24	108	1/24
-1	5	ChordType.MINOR	0			-1	5	KeyMode.MINOR	1/24	108	1/12
-1	5	ChordType.MINOR	0			-1	5	KeyMode.MINOR	1/24	108	1/8
-1	5	ChordType.MINOR	0			-1	5	KeyMode.MINOR	1/24	108	1/6
-1	5	ChordType.MINOR	0			-1	5	KeyMode.MINOR	1/24	108	5/24
-1	5	ChordType.MINOR	0			-1	5	KeyMode.MINOR	1/16	108	1/4
-1	5	ChordType.MINOR	0			-1	5	KeyMode.MINOR	1/16	108	5/16
-1	5	ChordType.MINOR	0			-1	5	KeyMode.MINOR	1/16	108	3/8
-1	5	ChordType.MINOR	0			-1	5	KeyMode.MINOR	1/16	108	7/16
-5	1	ChordType.MAJOR	0			-1	5	KeyMode.MINOR	1/24	109	0
-5	1	ChordType.MAJOR	0			-1	5	KeyMode.MINOR	1/24	109	1/24
-5	1	ChordType.MAJOR	0			-1	5	KeyMode.MINOR	1/24	109	1/12
-5	1	ChordType.MAJOR	0			-1	5	KeyMode.MINOR	1/24	109	1/8
-5	1	ChordType.MAJOR	0			-1	5	KeyMode.MINOR	1/24	109	1/6
-5	1	ChordType.MAJOR	0			-1	5	KeyMode.MINOR	1/24	109	5/24
-5	1	ChordType.MAJOR	0			-1	5	KeyMode.MINOR	1/24	109	1/4
-5	1	ChordType.MAJOR	0			-1	5	KeyMode.MINOR	1/24	109	7/24
-5	1	ChordType.MAJOR	0			-1	5	KeyMode.MINOR	1/24	109	1/3
-5	1	ChordType.MAJOR	0			-1	5	KeyMode.MINOR	1/24	109	3/8
-5	1	ChordType.MAJOR	0			-1	5	KeyMode.MINOR	1/24	109	5/12
-5	1	ChordType.MAJOR	0			-1	5	KeyMode.MINOR	1/24	109	11/24
-5	1	ChordType.MAJOR	0			-1	5	KeyMode.MINOR	1/24	110	0
-5	1	ChordType.MAJOR	0			-1	5	KeyMode.MINOR	1/24	110	1/24
-5	1	ChordType.MAJOR	0			-1	5	KeyMode.MINOR	1/24	110	1/12
-5	1	ChordType.MAJOR	0			-1	5	KeyMode.MINOR	1/24	110	1/8
-5	1	ChordType.MAJOR	0			-1	5	KeyMode.MINOR	1/24	110	1/6
-5	1	ChordType.MAJOR	0			-1	5	KeyMode.MINOR	1/24	110	5/24
-1	5	ChordType.MINOR	2			-1	5	KeyMode.MINOR	1/16	110	1/4
-1	5	ChordType.MINOR	2			-1	5	KeyMode.MINOR	1/16	110	5/16
-1	5	ChordType.MINOR	2			-1	5	KeyMode.MINOR	1/16	110	3/8
-1	5	ChordType.MINOR	2			-1	5	KeyMode.MINOR	1/16	110	7/16
5	11	ChordType.DIM7	0			0	0	KeyMode.MINOR	1/24	111	0
5	11	ChordType.DIM7	0			0	0	KeyMode.MINOR	1/24	111	1/24
5	11	ChordType.DIM7	0			0	0	KeyMode.MINOR	1/24	111	1/12
5	11	ChordType.DIM7	0			0	0	KeyMode.MINOR	1/24	111	1/8
5	11	ChordType.DIM7	0			0	0	KeyMode.MINOR	1/24	111	1/6
5	11	ChordType.DIM7	0			0	0	KeyMode.MINOR	1/24	111	5/24
5	11	ChordType.DIM7	0			0	0	KeyMode.MINOR	1/16	111	1/4
5	11	ChordType.DIM7	0			0	0	KeyMode.MINOR	1/16	111	5/16
5	11	ChordType.DIM7	0			0	0	KeyMode.MINOR	1/16	111	3/8
5	11	ChordType.DIM7	0			0	0	KeyMode.MINOR	1/16	111	7/16
8	8	ChordType.MAJOR	0			2	2	KeyMode.MINOR	1/24	112	0
8	8	ChordType.MAJOR	0			2	2	KeyMode.MINOR	1/24	112	1/24
8	8	ChordType.MAJOR	0			2	2	KeyMode.MINOR	1/24	112	1/12
8	8	ChordType.MAJOR	0			2	2	KeyMode.MINOR	1/24	112	1/8
8	8	ChordType.MAJOR	0			2	2	KeyMode.MINOR	1/24	112	1/6
8	8	ChordType.MAJOR	0			2	2	KeyMode.MINOR	1/24	112	5/24
8	8	ChordType.MAJOR	0			2	2	KeyMode.MINOR	1/16	112	1/4
8	8	ChordType.MAJOR	0			2	2	KeyMode.MINOR	1/16	112	5/16
8	8	ChordType.MAJOR	0			2	2	KeyMode.MINOR	1/16	112	3/8
8	8	ChordType.MAJOR	0			2	2	KeyMode.MINOR	1/16	112	7/16
2	2	ChordType.MINOR	2			2	2	KeyMode.MINOR	1/24	113	0
2	2	ChordType.MINOR	2			2	2	KeyMode.MINOR	1/24	113	1/24
2	2	ChordType.MINOR	2			2	2	KeyMode.MINOR	1/24	113	1/12
2	2	ChordType.MINOR	2			2	2	KeyMode.MINOR	1/24	113	1/8
2	2	ChordType.MINOR	2			2	2	KeyMode.MINOR	1/24	113	1/6
2	2	ChordType.MINOR	2			2	2	KeyMode.MINOR	1/24	113	5/24
2	2	ChordType.MINOR	2			2	2	KeyMode.MINOR	1/16	113	1/4
2	2	ChordType.MINOR	2			2	2	KeyMode.MINOR	1/16	113	5/16
2	2	ChordType.MINOR	2			2	2	KeyMode.MINOR	1/16	113	3/8
2	2	ChordType.MINOR	2			2	2	KeyMode.MINOR	1/16	113	7/16
2	2	ChordType.MINOR	2			2	2	KeyMode.MINOR	1/16	114	0
2	2	ChordType.MINOR	2			2	2	KeyMode.MINOR	1/16	114	1/16
2	2	ChordType.MINOR	2			2	2	KeyMode.MINOR	1/16	114	1/8
2	2	ChordType.MINOR	2			2	2	KeyMode.MINOR	1/16	114	3/16
2	2	ChordType.MINOR	2			2	2	KeyMode.MINOR	1/16	114	1/4
2	2	ChordType.MINOR	2			2	2	KeyMode.MINOR	1/16	114	5/16
2	2	ChordType.MINOR	2			2	2	KeyMode.MINOR	1/16	114	3/8
2	2	ChordType.MINOR	2			2	2	KeyMode.MINOR	1/16	114	7/16
3	9	ChordType.MAJOR	0			2	2	KeyMode.MINOR	1/16	115	0
3	9	ChordType.MAJOR	0			2	2	KeyMode.MINOR	1/16	115	1/16
3	9	ChordType.MAJOR	0			2	2	KeyMode.MINOR	1/16	115	1/8
3	9	ChordType.MAJOR	0			2	2	KeyMode.MINOR	1/16	115	3/16
3	9	ChordType.MAJOR	0			2	2	KeyMode.MINOR	1/16	115	1/4
3	9	ChordType.MAJOR	0			2	2	KeyMode.MINOR	1/16	115	5/16
3	9	ChordType.MAJOR	0			2	2	KeyMode.MINOR	1/16	115	3/8
3	9	ChordType.MAJOR	0			2	2	KeyMode.MINOR	1/16	115	7/16
3	9	ChordType.MAJOR	0			2	2	KeyMode.MINOR	1/16	116	0
3	9	ChordType.MAJOR	0			2	2	KeyMode.MINOR	1/16	116	1/16
3	9	ChordType.MAJOR	0			2	2	KeyMode.MINOR	1/16	116	1/8
3	9	ChordType.MAJOR	0			2	2	KeyMode.MINOR	1/16	116	3/16
3	9	ChordType.MAJOR	0			2	2	KeyMode.MINOR	1/16	116	1/4
3	9	ChordType.MAJOR	0			2	2	KeyMode.MINOR	1/16	116	5/16
3	9	ChordType.MAJOR	0			2	2	KeyMode.MINOR	1/16	116	3/8
3	9	ChordType.MAJOR	0			2	2	KeyMode.MINOR	7/16	116	7/16
2	2	ChordType.MAJOR	0			2	2	KeyMode.MAJOR	1/8	118	3/8
2	2	ChordType.MAJOR	0			2	2	KeyMode.MAJOR	3/8	119	0
2	2	ChordType.MAJOR	0			2	2	KeyMode.MAJOR	1/24	119	3/8
2	2	ChordType.MAJOR	0			2	2	KeyMode.MAJOR	1/24	119	5/12
2	2	ChordType.MAJOR	0			2	2	KeyMode.MAJOR	1/24	119	11/24
2	2	ChordType.MAJOR	0			2	2	KeyMode.MAJOR	3/8	120	0
2	2	ChordType.MAJOR	0			2	2	KeyMode.MAJOR	1/8	120	3/8
3	9	ChordType.MAJ_MIN7	1			2	2	KeyMode.MAJOR	3/8	121	0
3	9	ChordType.MAJ_MIN7	1			2	2	KeyMode.MAJOR	1/24	121	3/8
3	9	ChordType.MAJ_MIN7	1			2	2	KeyMode.MAJOR	1/24	121	5/12
3	9	ChordType.MAJ_MIN7	1			2	2	KeyMode.MAJOR	1/24	121	11/24
3	9	ChordType.MAJ_MIN7	1			2	2	KeyMode.MAJOR	3/8	122	0
3	9	ChordType.MAJ_MIN7	1			2	2	KeyMode.MAJOR	1/8	122	3/8
2	2	ChordType.MAJOR	0			2	2	KeyMode.MAJOR	3/32	123	0
2	2	ChordType.MAJOR	0			2	2	KeyMode.MAJOR	1/32	123	3/32
2	2	ChordType.MAJOR	0			2	2	KeyMode.MAJOR	1/8	123	1/8
3	9	ChordType.MAJ_MIN7	2			2	2	KeyMode.MAJOR	1/8	123	1/4
3	9	ChordType.MAJ_MIN7	2			2	2	KeyMode.MAJOR	1/8	123	3/8
2	2	ChordType.MAJOR	1			2	2	KeyMode.MAJOR	1/8	124	0
2	2	ChordType.MAJOR	1			2	2	KeyMode.MAJOR	1/8	124	1/8
1	7	ChordType.MAJOR	0			2	2	KeyMode.MAJOR	1/8	124	1/4
1	7	ChordType.MAJOR	0			2	2	KeyMode.MAJOR	1/8	124	3/8
2	2	ChordType.MAJ_MIN7	2			1	7	KeyMode.MAJOR	1/8	125	0
2	2	ChordType.MAJ_MIN7	2			1	7	KeyMode.MAJOR	1/8	125	1/8
2	2	ChordType.MAJ_MIN7	2			1	7	KeyMode.MAJOR	1/8	125	1/4
2	2	ChordType.MAJ_MIN7	2			1	7	KeyMode.MAJOR	1/16	125	3/8
2	2	ChordType.MAJ_MIN7	2			1	7	KeyMode.MAJOR	1/16	125	7/16
1	7	ChordType.MAJOR	1			2	2	KeyMode.MAJOR	1/8	126	0
1	7	ChordType.MAJOR	1			2	2	KeyMode.MAJOR	3/8	126	1/8
1	7	ChordType.MAJOR	1			2	2	KeyMode.MAJOR	1/8	127	0
1	7	ChordType.MAJOR	1			2	2	KeyMode.MAJOR	1/8	127	1/8
3	9	ChordType.MAJ_MIN7	1			2	2	KeyMode.MAJOR	1/8	127	1/4
3	9	ChordType.MAJ_MIN7	1			2	2	KeyMode.MAJOR	1/16	127	3/8
3	9	ChordType.MAJ_MIN7	1			2	2	KeyMode.MAJOR	1/16	127	7/16
2	2	ChordType.MAJOR	0			2	2	KeyMode.MAJOR	1/8	128	0
2	2	ChordType.MAJOR	0			2	2	KeyMode.MAJOR	1/8	128	1/8
4	4	ChordType.MINOR	1			2	2	KeyMode.MAJOR	3/32	128	1/4
4	4	ChordType.MINOR	1			2	2	KeyMode.MAJOR	1/32	128	11/32
4	4	ChordType.MINOR	1			2	2	KeyMode.MAJOR	3/32	128	3/8
4	4	ChordType.MINOR	1			2	2	KeyMode.MAJOR	1/32	128	15/32
2	2	ChordType.MAJOR	2			2	2	KeyMode.MAJOR	1/8	129	0
2	2	ChordType.MAJOR	2			2	2	KeyMode.MAJOR	1/8	129	1/8
3	9	ChordType.MAJ_MIN7	0			2	2	KeyMode.MAJOR	3/32	129	1/4
3	9	ChordType.MAJ_MIN7	0			2	2	KeyMode.MAJOR	1/32	129	11/32
3	9	ChordType.MAJ_MIN7	0			2	2	KeyMode.MAJOR	3/32	129	3/8
3	9	ChordType.MAJ_MIN7	0			2	2	KeyMode.MAJOR	1/32	129	15/32
2	2	ChordType.MAJOR	0			2	2	KeyMode.MAJOR	7/8	130	0
2	2	ChordType.MAJOR	0			2	2	KeyMode.MAJOR	1/8	131	3/8
1	7	ChordType.MINOR	0			-1	5	KeyMode.MAJOR	3/8	132	0
1	7	ChordType.MINOR	0			-1	5	KeyMode.MAJOR	1/24	132	3/8
1	7	ChordType.MINOR	0			-1	5	KeyMode.MAJOR	1/24	132	5/12
1	7	ChordType.MINOR	0			-1	5	KeyMode.MAJOR	1/24	132	11/24
1	7	ChordType.MINOR	0			-1	5	KeyMode.MAJOR	3/8	133	0
1	7	ChordType.MINOR	0			-1	5	KeyMode.MAJOR	1/8	133	3/8
0	0	ChordType.MAJ_MIN7	0			-1	5	KeyMode.MAJOR	3/8	134	0
0	0	ChordType.MAJ_MIN7	0			-1	5	KeyMode.MAJOR	1/24	134	3/8
0	0	ChordType.MAJ_MIN7	0			-1	5	KeyMode.MAJOR	1/24	134	5/12
0	0	ChordType.MAJ_MIN7	0			-1	5	KeyMode.MAJOR	1/24	134	11/24
0	0	ChordType.MAJ_MIN7	0			-1	5	KeyMode.MAJOR	3/8	135	0
0	0	ChordType.MAJ_MIN7	0			-1	5	KeyMode.MAJOR	1/24	135	3/8
0	0	ChordType.MAJ_MIN7	0			-1	5	KeyMode.MAJOR	1/24	135	5/12
0	0	ChordType.MAJ_MIN7	0			-1	5	KeyMode.MAJOR	1/24	135	11/24
0	0	ChordType.MAJ_MIN7	0			-1	5	KeyMode.MAJOR	1/8	136	0
0	0	ChordType.MAJ_MIN7	0			-1	5	KeyMode.MAJOR	1/24	136	1/8
0	0	ChordType.MAJ_MIN7	0			-1	5	KeyMode.MAJOR	1/24	136	1/6
0	0	ChordType.MAJ_MIN7	0			-1	5	KeyMode.MAJOR	1/24	136	5/24
0	0	ChordType.MAJ_MIN7	0			-1	5	KeyMode.MAJOR	1/8	136	1/4
0	0	ChordType.MAJ_MIN7	0			-1	5	KeyMode.MAJOR	1/24	136	3/8
0	0	ChordType.MAJ_MIN7	0			-1	5	KeyMode.MAJOR	1/24	136	5/12
0	0	ChordType.MAJ_MIN7	0			-1	5	KeyMode.MAJOR	1/24	136	11/24
0	0	ChordType.MAJ_MIN7	0			-1	5	KeyMode.MAJOR	3/8	137	0
0	0	ChordType.MAJ_MIN7	0			-1	5	KeyMode.MAJOR	1/8	138	3/8
-1	5	ChordType.MAJOR	0			-1	5	KeyMode.MAJOR	3/32	139	0
-1	5	ChordType.MAJOR	0			-1	5	KeyMode.MAJOR	1/32	139	3/32
-1	5	ChordType.MAJOR	0			-1	5	KeyMode.MAJOR	1/8	139	1/8
0	0	ChordType.MAJ_MIN7	2			-1	5	KeyMode.MAJOR	1/8	139	1/4
0	0	ChordType.MAJ_MIN7	2			-1	5	KeyMode.MAJOR	1/8	139	3/8
-1	5	ChordType.MAJOR	1			-1	5	KeyMode.MAJOR	1/8	140	0
-1	5	ChordType.MAJOR	1			-1	5	KeyMode.MAJOR	1/8	140	1/8
1	7	ChordType.MIN_MIN7	1			-1	5	KeyMode.MAJOR	1/8	140	1/4
1	7	ChordType.MIN_MIN7	1			-1	5	KeyMode.MAJOR	1/8	140	3/8
-1	5	ChordType.MAJOR	2			-1	5	KeyMode.MAJOR	1/8	141	0
-1	5	ChordType.MAJOR	2			-1	5	KeyMode.MAJOR	1/8	141	1/8
-1	5	ChordType.MAJ_MIN7	3			-2	10	KeyMode.MAJOR	1/8	141	1/4
-1	5	ChordType.MAJ_MIN7	3			-2	10	KeyMode.MAJOR	1/16	141	3/8
-1	5	ChordType.MAJ_MIN7	3			-2	10	KeyMode.MAJOR	1/16	141	7/16
-2	10	ChordType.MAJOR	1			-1	5	KeyMode.MAJOR	1/8	142	0
-2	10	ChordType.MAJOR	1			-1	5	KeyMode.MAJOR	3/8	142	1/8
-2	10	ChordType.MAJOR	1			-1	5	KeyMode.MAJOR	1/8	143	0
-2	10	ChordType.MAJOR	1			-1	5	KeyMode.MAJOR	1/8	143	1/8
0	0	ChordType.MAJ_MIN7	1			-1	5	KeyMode.MAJOR	1/8	143	1/4
0	0	ChordType.MAJ_MIN7	1			-1	5	KeyMode.MAJOR	1/16	143	3/8
0	0	ChordType.MAJ_MIN7	1			-1	5	KeyMode.MAJOR	1/16	143	7/16
-1	5	ChordType.MAJOR	0			-1	5	KeyMode.MAJOR	1/8	144	0
-1	5	ChordType.MAJOR	0			-1	5	KeyMode.MAJOR	1/8	144	1/8
1	7	ChordType.MINOR	1			-1	5	KeyMode.MAJOR	3/32	144	1/4
1	7	ChordType.MINOR	1			-1	5	KeyMode.MAJOR	1/32	144	11/32
1	7	ChordType.MINOR	1			-1	5	KeyMode.MAJOR	3/32	144	3/8
1	7	ChordType.MINOR	1			-1	5	KeyMode.MAJOR	1/32	144	15/32
-1	5	ChordType.MAJOR	2			-1	5	KeyMode.MAJOR	1/8	145	0
-1	5	ChordType.MAJOR	2			-1	5	KeyMode.MAJOR	1/8	145	1/8
0	0	ChordType.MAJ_MIN7	0			-1	5	KeyMode.MAJOR	3/32	145	1/4
0	0	ChordType.MAJ_MIN7	0			-1	5	KeyMode.MAJOR	1/32	145	11/32
0	0	ChordType.MAJ_MIN7	0			-1	5	KeyMode.MAJOR	3/32	145	3/8
0	0	ChordType.MAJ_MIN7	0			-1	5	KeyMode.MAJOR	1/32	145	15/32
-1	5	ChordType.MAJOR	0			-1	5	KeyMode.MAJOR	1/16	146	0
-1	5	ChordType.MAJOR	0			-1	5	KeyMode.MAJOR	1/16	146	1/16
-1	5	ChordType.MAJOR	0			-1	5	KeyMode.MAJOR	1/16	146	1/8
-1	5	ChordType.MAJOR	0			-1	5	KeyMode.MAJOR	1/16	146	3/16
-1	5	ChordType.MAJOR	0			-1	5	KeyMode.MAJOR	1/16	146	1/4
-1	5	ChordType.MAJOR	0			-1	5	KeyMode.MAJOR	1/16	146	5/16
-1	5	ChordType.MAJOR	0			-1	5	KeyMode.MAJOR	1/16	146	3/8
-1	5	ChordType.MAJOR	0			-1	5	KeyMode.MAJOR	1/16	146	7/16
-1	5	ChordType.MAJOR	0			-1	5	KeyMode.MAJOR	1/16	147	0
-1	5	ChordType.MAJOR	0			-1	5	KeyMode.MAJOR	1/16	147	1/16
-1	5	ChordType.MAJOR	0			-1	5	KeyMode.MAJOR	1/16	147	1/8
-1	5	ChordType.MAJOR	0			-1	5	KeyMode.MAJOR	1/16	147	3/16
-1	5	ChordType.MAJOR	0			-1	5	KeyMode.MAJOR	1/16	147	1/4
-1	5	ChordType.MAJOR	0			-1	5	KeyMode.MAJOR	1/16	147	5/16
-1	5	ChordType.MAJOR	0			-1	5	KeyMode.MAJOR	1/16	147	3/8
-1	5	ChordType.MAJOR	0			-1	5	KeyMode.MAJOR	1/16	147	7/16
-1	5	ChordType.MAJOR	0			-1	5	KeyMode.MAJOR	1/16	148	0
-1	5	ChordType.MAJOR	0			-1	5	KeyMode.MAJOR	1/16	148	1/16
-1	5	ChordType.MAJOR	0			-1	5	KeyMode.MAJOR	1/16	148	1/8
-1	5	ChordType.MAJOR	0			-1	5	KeyMode.MAJOR	1/16	148	3/16
-1	5	ChordType.MAJOR	0			-1	5	KeyMode.MAJOR	1/16	148	1/4
-1	5	ChordType.MAJOR	0			-1	5	KeyMode.MAJOR	1/16	148	5/16
-1	5	ChordType.MAJOR	0			-1	5	KeyMode.MAJOR	1/16	148	3/8
-1	5	ChordType.MAJOR	0			-1	5	KeyMode.MAJOR	1/16	148	7/16
-1	5	ChordType.MAJOR	0			-1	5	KeyMode.MAJOR	1/16	149	0
-1	5	ChordType.MAJOR	0			-1	5	KeyMode.MAJOR	1/16	149	1/16
-1	5	ChordType.MAJOR	0			-1	5	KeyMode.MAJOR	1/16	149	1/8
-1	5	ChordType.MAJOR	0			-1	5	KeyMode.MAJOR	1/16	149	3/16
-1	5	ChordType.MAJOR	0			-1	5	KeyMode.MAJOR	1/16	149	1/4
-1	5	ChordType.MAJOR	0			-1	5	KeyMode.MAJOR	1/16	149	5/16
-1	5	ChordType.MAJOR	0			-1	5	KeyMode.MAJOR	1/16	149	3/8
-1	5	ChordType.MAJOR	0			-1	5	KeyMode.MAJOR	1/16	149	7/16
0	0	ChordType.MAJ_MIN7	0			-1	5	KeyMode.MAJOR	1/16	150	0
0	0	ChordType.MAJ_MIN7	0			-1	5	KeyMode.MAJOR	1/16	150	1/16
0	0	ChordType.MAJ_MIN7	0			-1	5	KeyMode.MAJOR	1/16	150	1/8
0	0	ChordType.MAJ_MIN7	0			-1	5	KeyMode.MAJOR	1/16	150	3/16
0	0	ChordType.MAJ_MIN7	0			-1	5	KeyMode.MAJOR	1/16	150	1/4
0	0	ChordType.MAJ_MIN7	0			-1	5	KeyMode.MAJOR	1/16	150	5/16
0	0	ChordType.MAJ_MIN7	0			-1	5	KeyMode.MAJOR	1/16	150	3/8
0	0	ChordType.MAJ_MIN7	0			-1	5	KeyMode.MAJOR	1/16	150	7/16
0	0	ChordType.MAJ_MIN7	0			-1	5	KeyMode.MAJOR	1/16	151	0
0	0	ChordType.MAJ_MIN7	0			-1	5	KeyMode.MAJOR	1/16	151	1/16
0	0	ChordType.MAJ_MIN7	0			-1	5	KeyMode.MAJOR	1/16	151	1/8
0	0	ChordType.MAJ_MIN7	0			-1	5	KeyMode.MAJOR	1/16	151	3/16
0	0	ChordType.MAJ_MIN7	0			-1	5	KeyMode.MAJOR	1/16	151	1/4
0	0	ChordType.MAJ_MIN7	0			-1	5	KeyMode.MAJOR	1/16	151	5/16
0	0	ChordType.MAJ_MIN7	0			-1	5	KeyMode.MAJOR	1/16	151	3/8
0	0	ChordType.MAJ_MIN7	0			-1	5	KeyMode.MAJOR	1/16	151	7/16
0	0	ChordType.MAJ_MIN7	0			-1	5	KeyMode.MAJOR	1/16	152	0
0	0	ChordType.MAJ_MIN7	0			-1	5	KeyMode.MAJOR	1/16	152	1/16
0	0	ChordType.MAJ_MIN7	0			-1	5	KeyMode.MAJOR	1/16	152	1/8
0	0	ChordType.MAJ_MIN7	0			-1	5	KeyMode.MAJOR	1/16	152	3/16
0	0	ChordType.MAJ_MIN7	0			-1	5	KeyMode.MAJOR	1/16	152	1/4
0	0	ChordType.MAJ_MIN7	0			-1	5	KeyMode.MAJOR	1/16	152	5/16
0	0	ChordType.MAJ_MIN7	0			-1	5	KeyMode.MAJOR	1/16	152	3/8
0	0	ChordType.MAJ_MIN7	0			-1	5	KeyMode.MAJOR	1/16	152	7/16
0	0	ChordType.MAJ_MIN7	0			-1	5	KeyMode.MAJOR	1/16	153	0
0	0	ChordType.MAJ_MIN7	0			-1	5	KeyMode.MAJOR	1/16	153	1/16
0	0	ChordType.MAJ_MIN7	0			-1	5	KeyMode.MAJOR	1/16	153	1/8
0	0	ChordType.MAJ_MIN7	0			-1	5	KeyMode.MAJOR	1/16	153	3/16
0	0	ChordType.MAJ_MIN7	0			-1	5	KeyMode.MAJOR	1/16	153	1/4
0	0	ChordType.MAJ_MIN7	0			-1	5	KeyMode.MAJOR	1/16	153	5/16
0	0	ChordType.MAJ_MIN7	0			-1	5	KeyMode.MAJOR	1/16	153	3/8
0	0	ChordType.MAJ_MIN7	0			-1	5	KeyMode.MAJOR	1/16	153	7/16
-1	5	ChordType.MAJOR	0			-1	5	KeyMode.MAJOR	1/16	154	0
-1	5	ChordType.MAJOR	0			-1	5	KeyMode.MAJOR	1/16	154	1/16
-1	5	ChordType.MAJOR	0			-1	5	KeyMode.MAJOR	1/16	154	1/8
-1	5	ChordType.MAJOR	0			-1	5	KeyMode.MAJOR	1/16	154	3/16
-1	5	ChordType.MAJOR	0			-1	5	KeyMode.MAJOR	1/16	154	1/4
-1	5	ChordType.MAJOR	0			-1	5	KeyMode.MAJOR	1/16	154	5/16
-1	5	ChordType.MAJOR	0			-1	5	KeyMode.MAJOR	1/16	154	3/8
-1	5	ChordType.MAJOR	0			-1	5	KeyMode.MAJOR	1/16	154	7/16
-1	5	ChordType.MINOR	2			-4	8	KeyMode.MAJOR	1/16	155	0
-1	5	ChordType.MINOR	2			-4	8	KeyMode.MAJOR	1/16	155	1/16
-1	5	ChordType.MINOR	2			-4	8	KeyMode.MAJOR	1/16	155	1/8
-1	5	ChordType.MINOR	2			-4	8	KeyMode.MAJOR	1/16	155	3/16
-1	5	ChordType.MINOR	2			-4	8	KeyMode.MAJOR	1/16	155	1/4
-1	5	ChordType.MINOR	2			-4	8	KeyMode.MAJOR	1/16	155	5/16
-1	5	ChordType.MINOR	2			-4	8	KeyMode.MAJOR	1/16	155	3/8
-1	5	ChordType.MINOR	2			-4	8	KeyMode.MAJOR	1/16	155	7/16
-1	5	ChordType.MINOR	2			-4	8	KeyMode.MAJOR	1/16	156	0
-1	5	ChordType.MINOR	2			-4	8	KeyMode.MAJOR	1/16	156	1/16
-1	5	ChordType.MINOR	2			-4	8	KeyMode.MAJOR	1/16	156	1/8
-1	5	ChordType.MINOR	2			-4	8	KeyMode.MAJOR	1/16	156	3/16
-1	5	ChordType.MINOR	2			-4	8	KeyMode.MAJOR	1/16	156	1/4
-1	5	ChordType.MINOR	2			-4	8	KeyMode.MAJOR	1/16	156	5/16
-1	5	ChordType.MINOR	2			-4	8	KeyMode.MAJOR	1/16	156	3/8
-1	5	ChordType.MINOR	2			-4	8	KeyMode.MAJOR	1/16	156	7/16
-1	5	ChordType.MINOR	0			-4	8	KeyMode.MAJOR	1/16	157	0
-1	5	ChordType.MINOR	0			-4	8	KeyMode.MAJOR	1/16	157	1/16
-1	5	ChordType.MINOR	0			-4	8	KeyMode.MAJOR	1/16	157	1/8
-1	5	ChordType.MINOR	0			-4	8	KeyMode.MAJOR	1/16	157	3/16
-1	5	ChordType.MINOR	0			-4	8	KeyMode.MAJOR	1/16	157	1/4
-1	5	ChordType.MINOR	0			-4	8	KeyMode.MAJOR	1/16	157	5/16
-1	5	ChordType.MINOR	0			-4	8	KeyMode.MAJOR	1/16	157	3/8
-1	5	ChordType.MINOR	0			-4	8	KeyMode.MAJOR	1/16	157	7/16
-3	3	ChordType.MAJOR	0			-4	8	KeyMode.MAJOR	1/16	158	0
-3	3	ChordType.MAJOR	0			-4	8	KeyMode.MAJOR	1/16	158	1/16
-3	3	ChordType.MAJOR	0			-4	8	KeyMode.MAJOR	1/16	158	1/8
-3	3	ChordType.MAJOR	0			-4	8	KeyMode.MAJOR	1/16	158	3/16
-3	3	ChordType.MAJOR	0			-4	8	KeyMode.MAJOR	1/16	158	1/4
-3	3	ChordType.MAJOR	0			-4	8	KeyMode.MAJOR	1/16	158	5/16
-3	3	ChordType.MAJOR	0			-4	8	KeyMode.MAJOR	1/16	158	3/8
-3	3	ChordType.MAJOR	0			-4	8	KeyMode.MAJOR	1/16	158	7/16
-3	3	ChordType.MAJOR	0			-4	8	KeyMode.MAJOR	1/16	159	0
-3	3	ChordType.MAJOR	0			-4	8	KeyMode.MAJOR	1/16	159	1/16
-3	3	ChordType.MAJOR	0			-4	8	KeyMode.MAJOR	1/16	159	1/8
-3	3	ChordType.MAJOR	0			-4	8	KeyMode.MAJOR	1/16	159	3/16
-3	3	ChordType.MAJOR	0			-4	8	KeyMode.MAJOR	1/16	159	1/4
-3	3	ChordType.MAJOR	0			-4	8	KeyMode.MAJOR	1/16	159	5/16
-3	3	ChordType.MAJOR	0			-4	8	KeyMode.MAJOR	1/16	159	3/8
-3	3	ChordType.MAJOR	0			-4	8	KeyMode.MAJOR	1/16	159	7/16
-3	3	ChordType.MAJOR	0			-4	8	KeyMode.MAJOR	1/16	160	0
-3	3	ChordType.MAJOR	0			-4	8	KeyMode.MAJOR	1/16	160	1/16
-3	3	ChordType.MAJOR	0			-4	8	KeyMode.MAJOR	1/16	160	1/8
-3	3	ChordType.MAJOR	0			-4	8	KeyMode.MAJOR	1/16	160	3/16
-3	3	ChordType.MAJOR	0			-4	8	KeyMode.MAJOR	1/16	160	1/4
-3	3	ChordType.MAJOR	0			-4	8	KeyMode.MAJOR	1/16	160	5/16
-3	3	ChordType.MAJOR	0			-4	8	KeyMode.MAJOR	1/16	160	3/8
-3	3	ChordType.MAJOR	0			-4	8	KeyMode.MAJOR	1/16	160	7/16
-3	3	ChordType.MAJ_MIN7	2			-4	8	KeyMode.MAJOR	1/16	161	0
-3	3	ChordType.MAJ_MIN7	2			-4	8	KeyMode.MAJOR	1/16	161	1/16
-3	3	ChordType.MAJ_MIN7	2			-4	8	KeyMode.MAJOR	1/16	161	1/8
-3	3	ChordType.MAJ_MIN7	2			-4	8	KeyMode.MAJOR	1/16	161	3/16
-3	3	ChordType.MAJ_MIN7	2			-4	8	KeyMode.MAJOR	1/16	161	1/4
-3	3	ChordType.MAJ_MIN7	2			-4	8	KeyMode.MAJOR	1/16	161	5/16
-3	3	ChordType.MAJ_MIN7	2			-4	8	KeyMode.MAJOR	1/16	161	3/8
-3	3	ChordType.MAJ_MIN7	2			-4	8	KeyMode.MAJOR	1/16	161	7/16
-4	8	ChordType.MAJOR	0			-4	8	KeyMode.MAJOR	1/16	162	0
-4	8	ChordType.MAJOR	0			-4	8	KeyMode.MAJOR	1/16	162	1/16
-4	8	ChordType.MAJOR	0			-4	8	KeyMode.MAJOR	1/16	162	1/8
-4	8	ChordType.MAJOR	0			-4	8	KeyMode.MAJOR	1/16	162	3/16
-1	5	ChordType.MAJ_MIN7	3			-2	10	KeyMode.MINOR	1/16	162	1/4
-1	5	ChordType.MAJ_MIN7	3			-2	10	KeyMode.MINOR	1/16	162	5/16
-1	5	ChordType.MAJ_MIN7	3			-2	10	KeyMode.MINOR	1/16	162	3/8
-1	5	ChordType.MAJ_MIN7	3			-2	10	KeyMode.MINOR	1/16	162	7/16
-2	10	ChordType.MAJOR	1			-1	5	KeyMode.MAJOR	1/16	163	0
-2	10	ChordType.MAJOR	1			-1	5	KeyMode.MAJOR	1/16	163	1/16
-2	10	ChordType.MAJOR	1			-1	5	KeyMode.MAJOR	1/16	163	1/8
-2	10	ChordType.MAJOR	1			-1	5	KeyMode.MAJOR	1/16	163	3/16
5	11	ChordType.MAJOR	0			-1	5	KeyMode.MAJOR	1/16	163	1/4
5	11	ChordType.MAJOR	0			-1	5	KeyMode.MAJOR	1/16	163	5/16
5	11	ChordType.MAJOR	0			-1	5	KeyMode.MAJOR	1/16	163	3/8
5	11	ChordType.MAJOR	0			-1	5	KeyMode.MAJOR	1/16	163	7/16
0	0	ChordType.MAJOR	0			-1	5	KeyMode.MAJOR	1/24	164	0
0	0	ChordType.MAJOR	0			-1	5	KeyMode.MAJOR	1/24	164	1/24
0	0	ChordType.MAJOR	0			-1	5	KeyMode.MAJOR	1/24	164	1/12
0	0	ChordType.MAJOR	0			-1	5	KeyMode.MAJOR	1/24	164	1/8
0	0	ChordType.MAJOR	0			-1	5	KeyMode.MAJOR	1/24	164	1/6
0	0	ChordType.MAJOR	0			-1	5	KeyMode.MAJOR	1/24	164	5/24
1	7	ChordType.MAJ_MIN7	1			0	0	KeyMode.MAJOR	1/24	164	1/4
1	7	ChordType.MAJ_MIN7	1			0	0	KeyMode.MAJOR	1/24	164	7/24
1	7	ChordType.MAJ_MIN7	1			0	0	KeyMode.MAJOR	1/24	164	1/3
1	7	ChordType.MAJ_MIN7	1			0	0	KeyMode.MAJOR	1/24	164	3/8
1	7	ChordType.MAJ_MIN7	1			0	0	KeyMode.MAJOR	1/24	164	5/12
1	7	ChordType.MAJ_MIN7	1			0	0	KeyMode.MAJOR	1/24	164	11/24
0	0	ChordType.MAJOR	0			0	0	KeyMode.MAJOR	1/24	165	0
0	0	ChordType.MAJOR	0			0	0	KeyMode.MAJOR	1/24	165	1/24
0	0	ChordType.MAJOR	0			0	0	KeyMode.MAJOR	1/24	165	1/12
0	0	ChordType.MAJOR	0			0	0	KeyMode.MAJOR	1/24	165	1/8
0	0	ChordType.MAJOR	0			0	0	KeyMode.MAJOR	1/24	165	1/6
0	0	ChordType.MAJOR	0			0	0	KeyMode.MAJOR	1/24	165	5/24
1	7	ChordType.MAJ_MIN7	2			0	0	KeyMode.MAJOR	1/24	165	1/4
1	7	ChordType.MAJ_MIN7	2			0	0	KeyMode.MAJOR	1/24	165	7/24
1	7	ChordType.MAJ_MIN7	2			0	0	KeyMode.MAJOR	1/24	165	1/3
1	7	ChordType.MAJ_MIN7	2			0	0	KeyMode.MAJOR	1/24	165	3/8
1	7	ChordType.MAJ_MIN7	2			0	0	KeyMode.MAJOR	1/24	165	5/12
1	7	ChordType.MAJ_MIN7	2			0	0	KeyMode.MAJOR	1/24	165	11/24
0	0	ChordType.MAJOR	0			0	0	KeyMode.MAJOR	1/24	166	0
0	0	ChordType.MAJOR	0			0	0	KeyMode.MAJOR	1/24	166	1/24
0	0	ChordType.MAJOR	0			0	0	KeyMode.MAJOR	1/24	166	1/12
0	0	ChordType.MAJOR	0			0	0	KeyMode.MAJOR	1/24	166	1/8
0	0	ChordType.MAJOR	0			0	0	KeyMode.MAJOR	1/24	166	1/6
0	0	ChordType.MAJOR	0			0	0	KeyMode.MAJOR	1/24	166	5/24
1	7	ChordType.MAJ_MIN7	1			0	0	KeyMode.MAJOR	1/24	166	1/4
1	7	ChordType.MAJ_MIN7	1			0	0	KeyMode.MAJOR	1/24	166	7/24
1	7	ChordType.MAJ_MIN7	1			0	0	KeyMode.MAJOR	1/24	166	1/3
1	7	ChordType.MAJ_MIN7	1			0	0	KeyMode.MAJOR	1/24	166	3/8
1	7	ChordType.MAJ_MIN7	1			0	0	KeyMode.MAJOR	1/24	166	5/12
1	7	ChordType.MAJ_MIN7	1			0	0	KeyMode.MAJOR	1/24	166	11/24
0	0	ChordType.MAJOR	0			0	0	KeyMode.MAJOR	1/24	167	0
0	0	ChordType.MAJOR	0			0	0	KeyMode.MAJOR	1/48	167	1/24
0	0	ChordType.MAJOR	0			0	0	KeyMode.MAJOR	1/48	167	1/16
0	0	ChordType.MAJOR	0			0	0	KeyMode.MAJOR	1/24	167	1/12
0	0	ChordType.MAJOR	0			0	0	KeyMode.MAJOR	1/24	167	1/8
0	0	ChordType.MAJOR	0			0	0	KeyMode.MAJOR	1/48	167	1/6
0	0	ChordType.MAJOR	0			0	0	KeyMode.MAJOR	1/48	167	3/16
0	0	ChordType.MAJOR	0			0	0	KeyMode.MAJOR	1/24	167	5/24
1	7	ChordType.MAJ_MIN7	2			0	0	KeyMode.MAJOR	1/24	167	1/4
1	7	ChordType.MAJ_MIN7	2			0	0	KeyMode.MAJOR	1/24	167	7/24
1	7	ChordType.MAJ_MIN7	2			0	0	KeyMode.MAJOR	1/24	167	1/3
1	7	ChordType.MAJ_MIN7	2			0	0	KeyMode.MAJOR	1/24	167	3/8
1	7	ChordType.MAJ_MIN7	2			0	0	KeyMode.MAJOR	1/24	167	5/12
1	7	ChordType.MAJ_MIN7	2			0	0	KeyMode.MAJOR	1/24	167	11/24
0	0	ChordType.MAJOR	0			0	0	KeyMode.MAJOR	1/24	168	0
0	0	ChordType.MAJOR	0			0	0	KeyMode.MAJOR	1/48	168	1/24
0	0	ChordType.MAJOR	0			0	0	KeyMode.MAJOR	1/48	168	1/16
0	0	ChordType.MAJOR	0			0	0	KeyMode.MAJOR	1/24	168	1/12
0	0	ChordType.MAJOR	0			0	0	KeyMode.MAJOR	1/24	168	1/8
0	0	ChordType.MAJOR	0			0	0	KeyMode.MAJOR	1/48	168	1/6
0	0	ChordType.MAJOR	0			0	0	KeyMode.MAJOR	1/48	168	3/16
0	0	ChordType.MAJOR	0			0	0	KeyMode.MAJOR	1/24	168	5/24
1	7	ChordType.MAJ_MIN7	2			0	0	KeyMode.MAJOR	1/24	168	1/4
1	7	ChordType.MAJ_MIN7	2			0	0	KeyMode.MAJOR	1/24	168	7/24
1	7	ChordType.MAJ_MIN7	2			0	0	KeyMode.MAJOR	1/24	168	1/3
1	7	ChordType.MAJ_MIN7	2			0	0	KeyMode.MAJOR	1/24	168	3/8
1	7	ChordType.MAJ_MIN7	2			0	0	KeyMode.MAJOR	1/24	168	5/12
1	7	ChordType.MAJ_MIN7	2			0	0	KeyMode.MAJOR	1/24	168	11/24
0	0	ChordType.MAJOR	0			0	0	KeyMode.MAJOR	1/24	169	0
0	0	ChordType.MAJOR	0			0	0	KeyMode.MAJOR	1/48	169	1/24
0	0	ChordType.MAJOR	0			0	0	KeyMode.MAJOR	1/48	169	1/16
0	0	ChordType.MAJOR	0			0	0	KeyMode.MAJOR	1/24	169	1/12
0	0	ChordType.MAJOR	0			0	0	KeyMode.MAJOR	1/24	169	1/8
0	0	ChordType.MAJOR	0			0	0	KeyMode.MAJOR	1/48	169	1/6
0	0	ChordType.MAJOR	0			0	0	KeyMode.MAJOR	1/48	169	3/16
0	0	ChordType.MAJOR	0			0	0	KeyMode.MAJOR	1/24	169	5/24
1	7	ChordType.MAJ_MIN7	2			0	0	KeyMode.MAJOR	1/24	169	1/4
1	7	ChordType.MAJ_MIN7	2			0	0	KeyMode.MAJOR	1/24	169	7/24
1	7	ChordType.MAJ_MIN7	2			0	0	KeyMode.MAJOR	1/24	169	1/3
1	7	ChordType.MAJ_MIN7	2			0	0	KeyMode.MAJOR	1/24	169	3/8
1	7	ChordType.MAJ_MIN7	2			0	0	KeyMode.MAJOR	1/24	169	5/12
1	7	ChordType.MAJ_MIN7	2			0	0	KeyMode.MAJOR	1/24	169	11/24
0	0	ChordType.MAJOR	0			0	0	KeyMode.MAJOR	1/16	170	0
0	0	ChordType.MAJOR	0			0	0	KeyMode.MAJOR	1/16	170	1/16
0	0	ChordType.MAJOR	0			0	0	KeyMode.MAJOR	1/16	170	1/8
0	0	ChordType.MAJOR	0			0	0	KeyMode.MAJOR	1/16	170	3/16
0	0	ChordType.MAJOR	0			0	0	KeyMode.MAJOR	1/16	170	1/4
0	0	ChordType.MAJOR	0			0	0	KeyMode.MAJOR	1/16	170	5/16
0	0	ChordType.MAJOR	0			0	0	KeyMode.MAJOR	1/16	170	3/8
0	0	ChordType.MAJOR	0			0	0	KeyMode.MAJOR	1/16	170	7/16
0	0	ChordType.MAJOR	0			0	0	KeyMode.MAJOR	1/16	171	0
0	0	ChordType.MAJOR	0			0	0	KeyMode.MAJOR	1/16	171	1/16
0	0	ChordType.MAJOR	0			0	0	KeyMode.MAJOR	1/16	171	1/8
0	0	ChordType.MAJOR	0			0	0	KeyMode.MAJOR	1/16	171	3/16
0	0	ChordType.MAJOR	0			0	0	KeyMode.MAJOR	1/16	171	1/4
0	0	ChordType.MAJOR	0			0	0	KeyMode.MAJOR	1/16	171	5/16
0	0	ChordType.MAJOR	0			0	0	KeyMode.MAJOR	1/16	171	3/8
0	0	ChordType.MAJOR	0			0	0	KeyMode.MAJOR	1/16	171	7/16
0	0	ChordType.MAJ_MIN7	3			-1	5	KeyMode.MAJOR	1/8	172	0
0	0	ChordType.MAJ_MIN7	3			-1	5	KeyMode.MAJOR	1/8	172	1/8
-1	5	ChordType.MAJOR	0			-1	5	KeyMode.MAJOR	1/8	172	1/4
-1	5	ChordType.MAJOR	0			-1	5	KeyMode.MAJOR	1/64	172	3/8
-1	5	ChordType.MAJOR	0			-1	5	KeyMode.MAJOR	1/64	172	25/64
-1	5	ChordType.MAJOR	0			-1	5	KeyMode.MAJOR	1/32	172	13/32
-1	5	ChordType.MAJOR	0			-1	5	KeyMode.MAJOR	1/16	172	7/16
0	0	ChordType.MAJ_MIN7	3			-1	5	KeyMode.MAJOR	1/8	173	0
0	0	ChordType.MAJ_MIN7	3			-1	5	KeyMode.MAJOR	1/8	173	1/8
-1	5	ChordType.MAJOR	0			-1	5	KeyMode.MAJOR	1/8	173	1/4
-1	5	ChordType.MAJOR	0			-1	5	KeyMode.MAJOR	1/64	173	3/8
-1	5	ChordType.MAJOR	0			-1	5	KeyMode.MAJOR	1/64	173	25/64
-1	5	ChordType.MAJOR	0			-1	5	KeyMode.MAJOR	1/32	173	13/32
-1	5	ChordType.MAJOR	0			-1	5	KeyMode.MAJOR	1/16	173	7/16
1	7	ChordType.MINOR	0			-1	5	KeyMode.MAJOR	1/4	174	0
0	0	ChordType.MAJOR	0			-1	5	KeyMode.MAJOR	1/4	174	1/4
-1	5	ChordType.MAJOR	0			-1	5	KeyMode.MAJOR	3/8	175	0
-1	5	ChordType.MINOR	0			-1	5	KeyMode.MINOR	1/32	175	3/8
-1	5	ChordType.MINOR	0			-1	5	KeyMode.MINOR	1/32	175	13/32
-1	5	ChordType.MINOR	0			-1	5	KeyMode.MINOR	1/32	175	7/16
-1	5	ChordType.MINOR	0			-1	5	KeyMode.MINOR	1/32	175	15/32
1	7	ChordType.DIMINISHED	1			-1	5	KeyMode.MINOR	1/32	176	0
1	7	ChordType.DIMINISHED	1			-1	5	KeyMode.MINOR	1/32	176	1/32
1	7	ChordType.DIMINISHED	1			-1	5	KeyMode.MINOR	1/32	176	1/16
1	7	ChordType.DIMINISHED	1			-1	5	KeyMode.MINOR	1/32	176	3/32
1	7	ChordType.DIMINISHED	1			-1	5	KeyMode.MINOR	1/32	176	1/8
1	7	ChordType.DIMINISHED	1			-1	5	KeyMode.MINOR	1/32	176	5/32
1	7	ChordType.DIMINISHED	1			-1	5	KeyMode.MINOR	1/32	176	3/16
1	7	ChordType.DIMINISHED	1			-1	5	KeyMode.MINOR	1/32	176	7/32
0	0	ChordType.MAJOR	1			-1	5	KeyMode.MINOR	1/32	176	1/4
0	0	ChordType.MAJOR	1			-1	5	KeyMode.MINOR	1/32	176	9/32
0	0	ChordType.MAJOR	1			-1	5	KeyMode.MINOR	1/32	176	5/16
0	0	ChordType.MAJOR	1			-1	5	KeyMode.MINOR	1/32	176	11/32
-1	5	ChordType.MINOR	0			-1	5	KeyMode.MINOR	1/32	176	3/8
-1	5	ChordType.MINOR	0			-1	5	KeyMode.MINOR	1/32	176	13/32
-1	5	ChordType.MINOR	0			-1	5	KeyMode.MINOR	1/32	176	7/16
-1	5	ChordType.MINOR	0			-1	5	KeyMode.MINOR	1/32	176	15/32
1	7	ChordType.DIMINISHED	1			-1	5	KeyMode.MINOR	1/32	177	0
1	7	ChordType.DIMINISHED	1			-1	5	KeyMode.MINOR	1/32	177	1/32
1	7	ChordType.DIMINISHED	1			-1	5	KeyMode.MINOR	1/32	177	1/16
1	7	ChordType.DIMINISHED	1			-1	5	KeyMode.MINOR	1/32	177	3/32
1	7	ChordType.DIMINISHED	1			-1	5	KeyMode.MINOR	1/32	177	1/8
1	7	ChordType.DIMINISHED	1			-1	5	KeyMode.MINOR	1/32	177	5/32
1	7	ChordType.DIMINISHED	1			-1	5	KeyMode.MINOR	1/32	177	3/16
1	7	ChordType.DIMINISHED	1			-1	5	KeyMode.MINOR	1/32	177	7/32
0	0	ChordType.MAJOR	1			-1	5	KeyMode.MINOR	1/32	177	1/4
0	0	ChordType.MAJOR	1			-1	5	KeyMode.MINOR	1/32	177	9/32
0	0	ChordType.MAJOR	1			-1	5	KeyMode.MINOR	1/32	177	5/16
0	0	ChordType.MAJOR	1			-1	5	KeyMode.MINOR	1/32	177	11/32
-1	5	ChordType.MINOR	0			-1	5	KeyMode.MINOR	1/32	177	3/8
-1	5	ChordType.MINOR	0			-1	5	KeyMode.MINOR	1/32	177	13/32
-1	5	ChordType.MINOR	0			-1	5	KeyMode.MINOR	1/32	177	7/16
-1	5	ChordType.MINOR	0			-1	5	KeyMode.MINOR	1/32	177	15/32
1	7	ChordType.DIMINISHED	1			-1	5	KeyMode.MINOR	1/4	178	0
0	0	ChordType.MAJ_MIN7	0			-1	5	KeyMode.MINOR	1/4	178	1/4
-5	1	ChordType.MAJOR	0			-1	5	KeyMode.MINOR	1/2	179	0
5	11	ChordType.DIM7	0			0	0	KeyMode.MINOR	1/2	180	0
0	0	ChordType.MAJ_MIN7	3			-1	5	KeyMode.MAJOR	1/16	181	0
0	0	ChordType.MAJ_MIN7	3			-1	5	KeyMode.MAJOR	1/16	181	1/16
0	0	ChordType.MAJ_MIN7	3			-1	5	KeyMode.MAJOR	1/16	181	1/8
0	0	ChordType.MAJ_MIN7	3			-1	5	KeyMode.MAJOR	1/16	181	3/16
-1	5	ChordType.MAJOR	0			-1	5	KeyMode.MAJOR	1/16	181	1/4
-1	5	ChordType.MAJOR	0			-1	5	KeyMode.MAJOR	1/16	181	5/16
-1	5	ChordType.MAJOR	0			-1	5	KeyMode.MAJOR	1/16	181	3/8
-1	5	ChordType.MAJOR	0			-1	5	KeyMode.MAJOR	1/16	181	7/16
0	0	ChordType.MAJ_MIN7	2			-1	5	KeyMode.MAJOR	1/16	182	0
0	0	ChordType.MAJ_MIN7	2			-1	5	KeyMode.MAJOR	1/16	182	1/16
0	0	ChordType.MAJ_MIN7	2			-1	5	KeyMode.MAJOR	1/16	182	1/8
0	0	ChordType.MAJ_MIN7	2			-1	5	KeyMode.MAJOR	1/16	182	3/16
-1	5	ChordType.MAJOR	0			-1	5	KeyMode.MAJOR	1/16	182	1/4
-1	5	ChordType.MAJOR	0			-1	5	KeyMode.MAJOR	1/16	182	5/16
-1	5	ChordType.MAJOR	0			-1	5	KeyMode.MAJOR	1/16	182	3/8
-1	5	ChordType.MAJOR	0			-1	5	KeyMode.MAJOR	1/16	182	7/16
0	0	ChordType.MAJ_MIN7	2			-1	5	KeyMode.MAJOR	1/16	183	0
0	0	ChordType.MAJ_MIN7	2			-1	5	KeyMode.MAJOR	1/16	183	1/16
0	0	ChordType.MAJ_MIN7	2			-1	5	KeyMode.MAJOR	1/16	183	1/8
0	0	ChordType.MAJ_MIN7	2			-1	5	KeyMode.MAJOR	1/16	183	3/16
-1	5	ChordType.MAJOR	1			-1	5	KeyMode.MAJOR	1/16	183	1/4
-1	5	ChordType.MAJOR	1			-1	5	KeyMode.MAJOR	1/16	183	5/16
-1	5	ChordType.MAJOR	1			-1	5	KeyMode.MAJOR	1/16	183	3/8
-1	5	ChordType.MAJOR	1			-1	5	KeyMode.MAJOR	1/16	183	7/16
0	0	ChordType.MAJ_MIN7	2			-1	5	KeyMode.MAJOR	1/16	184	0
0	0	ChordType.MAJ_MIN7	2			-1	5	KeyMode.MAJOR	1/16	184	1/16
0	0	ChordType.MAJ_MIN7	2			-1	5	KeyMode.MAJOR	1/16	184	1/8
0	0	ChordType.MAJ_MIN7	2			-1	5	KeyMode.MAJOR	1/16	184	3/16
-1	5	ChordType.MAJOR	1			-1	5	KeyMode.MAJOR	1/16	184	1/4
-1	5	ChordType.MAJOR	1			-1	5	KeyMode.MAJOR	1/16	184	5/16
-1	5	ChordType.MAJOR	1			-1	5	KeyMode.MAJOR	1/16	184	3/8
-1	5	ChordType.MAJOR	1			-1	5	KeyMode.MAJOR	1/16	184	7/16
1	7	ChordType.MINOR	1			-1	5	KeyMode.MAJOR	1/8	185	0
1	7	ChordType.MINOR	1			-1	5	KeyMode.MAJOR	1/24	185	1/8
1	7	ChordType.MINOR	1			-1	5	KeyMode.MAJOR	1/24	185	1/6
1	7	ChordType.MINOR	1			-1	5	KeyMode.MAJOR	1/24	185	5/24
1	7	ChordType.MINOR	1			-1	5	KeyMode.MAJOR	1/8	185	1/4
1	7	ChordType.MINOR	1			-1	5	KeyMode.MAJOR	1/24	185	3/8
1	7	ChordType.MINOR	1			-1	5	KeyMode.MAJOR	1/24	185	5/12
1	7	ChordType.MINOR	1			-1	5	KeyMode.MAJOR	1/24	185	11/24
1	7	ChordType.MINOR	1			-1	5	KeyMode.MAJOR	1/8	186	0
1	7	ChordType.MINOR	1			-1	5	KeyMode.MAJOR	1/24	186	1/8
1	7	ChordType.MINOR	1			-1	5	KeyMode.MAJOR	1/24	186	1/6
1	7	ChordType.MINOR	1			-1	5	KeyMode.MAJOR	1/24	186	5/24
1	7	ChordType.MINOR	1			-1	5	KeyMode.MAJOR	1/8	186	1/4
1	7	ChordType.MINOR	1			-1	5	KeyMode.MAJOR	1/24	186	3/8
1	7	ChordType.MINOR	1			-1	5	KeyMode.MAJOR	1/24	186	5/12
1	7	ChordType.MINOR	1			-1	5	KeyMode.MAJOR	1/24	186	11/24
1	7	ChordType.MINOR	1			-1	5	KeyMode.MAJOR	1/8	187	0
1	7	ChordType.MINOR	1			-1	5	KeyMode.MAJOR	1/4	187	1/8
1	7	ChordType.MINOR	1			-1	5	KeyMode.MAJOR	1/16	187	3/8
1	7	ChordType.MINOR	1			-1	5	KeyMode.MAJOR	1/16	187	7/16
0	0	ChordType.MAJ_MIN7	0			-1	5	KeyMode.MAJOR	1/4	188	0
0	0	ChordType.MAJ_MIN7	0			-1	5	KeyMode.MAJOR	1/24	188	1/4
0	0	ChordType.MAJ_MIN7	0			-1	5	KeyMode.MAJOR	1/24	188	7/24
0	0	ChordType.MAJ_MIN7	0			-1	5	KeyMode.MAJOR	1/24	188	1/3
0	0	ChordType.MAJ_MIN7	0			-1	5	KeyMode.MAJOR	1/24	188	3/8
0	0	ChordType.MAJ_MIN7	0			-1	5	KeyMode.MAJOR	1/24	188	5/12
0	0	ChordType.MAJ_MIN7	0			-1	5	KeyMode.MAJOR	1/24	188	11/24
-1	5	ChordType.MAJOR	0			-1	5	KeyMode.MAJOR	1/8	189	0
-1	5	ChordType.MAJOR	0			-1	5	KeyMode.MAJOR	1/4	189	1/8
1	7	ChordType.MAJ_MIN7	3			0	0	KeyMode.MAJOR	1/16	189	3/8
1	7	ChordType.MAJ_MIN7	3			0	0	KeyMode.MAJOR	1/16	189	7/16
-1	5	ChordType.MAJOR	2			-1	5	KeyMode.MAJOR	1/4	190	0
0	0	ChordType.MAJ_MIN7	0			-1	5	KeyMode.MAJOR	1/32	190	1/4
0	0	ChordType.MAJ_MIN7	0			-1	5	KeyMode.MAJOR	1/32	190	9/32
0	0	ChordType.MAJ_MIN7	0			-1	5	KeyMode.MAJOR	1/32	190	5/16
0	0	ChordType.MAJ_MIN7	0			-1	5	KeyMode.MAJOR	1/32	190	11/32
0	0	ChordType.MAJ_MIN7	0			-1	5	KeyMode.MAJOR	1/24	190	3/8
0	0	ChordType.MAJ_MIN7	0			-1	5	KeyMode.MAJOR	1/24	190	5/12
0	0	ChordType.MAJ_MIN7	0			-1	5	KeyMode.MAJOR	1/24	190	11/24
-1	5	ChordType.MAJOR	0			-1	5	KeyMode.MAJOR	1/24	191	0
-1	5	ChordType.MAJOR	0			-1	5	KeyMode.MAJOR	1/24	191	1/24
-1	5	ChordType.MAJOR	0			-1	5	KeyMode.MAJOR	1/24	191	1/12
-1	5	ChordType.MAJOR	0			-1	5	KeyMode.MAJOR	1/24	191	1/8
-1	5	ChordType.MAJOR	0			-1	5	KeyMode.MAJOR	1/24	191	1/6
-1	5	ChordType.MAJOR	0			-1	5	KeyMode.MAJOR	1/24	191	5/24
-1	5	ChordType.MAJOR	0			-1	5	KeyMode.MAJOR	1/24	191	1/4
-1	5	ChordType.MAJOR	0			-1	5	KeyMode.MAJOR	1/24	191	7/24
-1	5	ChordType.MAJOR	0			-1	5	KeyMode.MAJOR	1/24	191	1/3
-1	5	ChordType.MAJOR	0			-1	5	KeyMode.MAJOR	1/24	191	3/8
-1	5	ChordType.MAJOR	0			-1	5	KeyMode.MAJOR	1/24	191	5/12
-1	5	ChordType.MAJOR	0			-1	5	KeyMode.MAJOR	1/24	191	11/24
-1	5	ChordType.MAJOR	0			-1	5	KeyMode.MAJOR	1/24	192	0
-1	5	ChordType.MAJOR	0			-1	5	KeyMode.MAJOR	1/24	192	1/24
-1	5	ChordType.MAJOR	0			-1	5	KeyMode.MAJOR	1/24	192	1/12
-1	5	ChordType.MAJOR	0			-1	5	KeyMode.MAJOR	1/24	192	1/8
-1	5	ChordType.MAJOR	0			-1	5	KeyMode.MAJOR	1/24	192	1/6
-1	5	ChordType.MAJOR	0			-1	5	KeyMode.MAJOR	1/24	192	5/24
-1	5	ChordType.MAJOR	0			-1	5	KeyMode.MAJOR	1/24	192	1/4
-1	5	ChordType.MAJOR	0			-1	5	KeyMode.MAJOR	1/24	192	7/24
-1	5	ChordType.MAJOR	0			-1	5	KeyMode.MAJOR	1/24	192	1/3
-1	5	ChordType.MAJOR	0			-1	5	KeyMode.MAJOR	1/24	192	3/8
-1	5	ChordType.MAJOR	0			-1	5	KeyMode.MAJOR	1/24	192	5/12
-1	5	ChordType.MAJOR	0			-1	5	KeyMode.MAJOR	1/24	192	11/24
-2	10	ChordType.MAJOR	1			-1	5	KeyMode.MAJOR	1/24	193	0
-2	10	ChordType.MAJOR	1			-1	5	KeyMode.MAJOR	1/24	193	1/24
-2	10	ChordType.MAJOR	1			-1	5	KeyMode.MAJOR	1/24	193	1/12
-2	10	ChordType.MAJOR	1			-1	5	KeyMode.MAJOR	1/24	193	1/8
-2	10	ChordType.MAJOR	1			-1	5	KeyMode.MAJOR	1/24	193	1/6
-2	10	ChordType.MAJOR	1			-1	5	KeyMode.MAJOR	1/24	193	5/24
1	7	ChordType.MAJ_MIN7	1			0	0	KeyMode.MAJOR	1/24	193	1/4
1	7	ChordType.MAJ_MIN7	1			0	0	KeyMode.MAJOR	1/24	193	7/24
1	7	ChordType.MAJ_MIN7	1			0	0	KeyMode.MAJOR	1/24	193	1/3
1	7	ChordType.MAJ_MIN7	1			0	0	KeyMode.MAJOR	1/24	193	3/8
1	7	ChordType.MAJ_MIN7	1			0	0	KeyMode.MAJOR	1/24	193	5/12
1	7	ChordType.MAJ_MIN7	1			0	0	KeyMode.MAJOR	1/24	193	11/24
-1	5	ChordType.MAJOR	2			-1	5	KeyMode.MAJOR	1/24	194	0
-1	5	ChordType.MAJOR	2			-1	5	KeyMode.MAJOR	1/24	194	1/24
-1	5	ChordType.MAJOR	2			-1	5	KeyMode.MAJOR	1/24	194	1/12
-1	5	ChordType.MAJOR	2			-1	5	KeyMode.MAJOR	1/24	194	1/8
-1	5	ChordType.MAJOR	2			-1	5	KeyMode.MAJOR	1/24	194	1/6
-1	5	ChordType.MAJOR	2			-1	5	KeyMode.MAJOR	1/24	194	5/24
0	0	ChordType.MAJOR	0			-1	5	KeyMode.MAJOR	1/24	194	1/4
0	0	ChordType.MAJOR	0			-1	5	KeyMode.MAJOR	1/24	194	7/24
0	0	ChordType.MAJOR	0			-1	5	KeyMode.MAJOR	1/24	194	1/3
0	0	ChordType.MAJOR	0			-1	5	KeyMode.MAJOR	1/24	194	3/8
0	0	ChordType.MAJOR	0			-1	5	KeyMode.MAJOR	1/24	194	5/12
0	0	ChordType.MAJOR	0			-1	5	KeyMode.MAJOR	1/24	194	11/24
-1	5	ChordType.MAJOR	0			-1	5	KeyMode.MAJOR	1/32	195	0
-1	5	ChordType.MAJOR	0			-1	5	KeyMode.MAJOR	1/32	195	1/32
-1	5	ChordType.MAJOR	0			-1	5	KeyMode.MAJOR	1/32	195	1/16
-1	5	ChordType.MAJOR	0			-1	5	KeyMode.MAJOR	1/32	195	3/32
-1	5	ChordType.MAJOR	0			-1	5	KeyMode.MAJOR	1/32	195	1/8
-1	5	ChordType.MAJOR	0			-1	5	KeyMode.MAJOR	1/32	195	5/32
-1	5	ChordType.MAJOR	0			-1	5	KeyMode.MAJOR	1/32	195	3/16
-1	5	ChordType.MAJOR	0			-1	5	KeyMode.MAJOR	1/32	195	7/32
-1	5	ChordType.MAJOR	0			-1	5	KeyMode.MAJOR	1/32	195	1/4
-1	5	ChordType.MAJOR	0			-1	5	KeyMode.MAJOR	1/32	195	9/32
-1	5	ChordType.MAJOR	0			-1	5	KeyMode.MAJOR	1/32	195	5/16
-1	5	ChordType.MAJOR	0			-1	5	KeyMode.MAJOR	1/32	195	11/32
-1	5	ChordType.MAJOR	0			-1	5	KeyMode.MAJOR	1/32	195	3/8
-1	5	ChordType.MAJOR	0			-1	5	KeyMode.MAJOR	1/32	195	13/32
-1	5	ChordType.MAJOR	0			-1	5	KeyMode.MAJOR	1/32	195	7/16
-1	5	ChordType.MAJOR	0			-1	5	KeyMode.MAJOR	1/32	195	15/32
-1	5	ChordType.MAJOR	0			-1	5	KeyMode.MAJOR	1/32	196	0
-1	5	ChordType.MAJOR	0			-1	5	KeyMode.MAJOR	1/32	196	1/32
-1	5	ChordType.MAJOR	0			-1	5	KeyMode.MAJOR	1/32	196	1/16
-1	5	ChordType.MAJOR	0			-1	5	KeyMode.MAJOR	1/32	196	3/32
-1	5	ChordType.MAJOR	0			-1	5	KeyMode.MAJOR	1/32	196	1/8
-1	5	ChordType.MAJOR	0			-1	5	KeyMode.MAJOR	1/32	196	5/32
-1	5	ChordType.MAJOR	0			-1	5	KeyMode.MAJOR	1/32	196	3/16
-1	5	ChordType.MAJOR	0			-1	5	KeyMode.MAJOR	1/32	196	7/32
-1	5	ChordType.MAJOR	0			-1	5	KeyMode.MAJOR	1/32	196	1/4
-1	5	ChordType.MAJOR	0			-1	5	KeyMode.MAJOR	1/96	196	9/32
-1	5	ChordType.MAJOR	0			-1	5	KeyMode.MAJOR	1/24	196	7/24
-1	5	ChordType.MAJOR	0			-1	5	KeyMode.MAJOR	1/24	196	1/3
-1	5	ChordType.MAJOR	0			-1	5	KeyMode.MAJOR	1/32	196	3/8
-1	5	ChordType.MAJOR	0			-1	5	KeyMode.MAJOR	1/96	196	13/32
-1	5	ChordType.MAJOR	0			-1	5	KeyMode.MAJOR	1/24	196	5/12
-1	5	ChordType.MAJOR	0			-1	5	KeyMode.MAJOR	1/24	196	11/24
-2	10	ChordType.MAJOR	1			-1	5	KeyMode.MAJOR	1/32	197	0
-2	10	ChordType.MAJOR	1			-1	5	KeyMode.MAJOR	1/32	197	1/32
-2	10	ChordType.MAJOR	1			-1	5	KeyMode.MAJOR	1/32	197	1/16
-2	10	ChordType.MAJOR	1			-1	5	KeyMode.MAJOR	1/32	197	3/32
-2	10	ChordType.MAJOR	1			-1	5	KeyMode.MAJOR	1/32	197	1/8
-2	10	ChordType.MAJOR	1			-1	5	KeyMode.MAJOR	1/32	197	5/32
-2	10	ChordType.MAJOR	1			-1	5	KeyMode.MAJOR	1/32	197	3/16
-2	10	ChordType.MAJOR	1			-1	5	KeyMode.MAJOR	1/32	197	7/32
1	7	ChordType.MAJ_MIN7	1			0	0	KeyMode.MAJOR	1/32	197	1/4
1	7	ChordType.MAJ_MIN7	1			0	0	KeyMode.MAJOR	1/32	197	9/32
1	7	ChordType.MAJ_MIN7	1			0	0	KeyMode.MAJOR	1/32	197	5/16
1	7	ChordType.MAJ_MIN7	1			0	0	KeyMode.MAJOR	1/32	197	11/32
1	7	ChordType.MAJ_MIN7	1			0	0	KeyMode.MAJOR	1/32	197	3/8
1	7	ChordType.MAJ_MIN7	1			0	0	KeyMode.MAJOR	1/32	197	13/32
1	7	ChordType.MAJ_MIN7	1			0	0	KeyMode.MAJOR	1/32	197	7/16
1	7	ChordType.MAJ_MIN7	1			0	0	KeyMode.MAJOR	1/32	197	15/32
-1	5	ChordType.MAJOR	2			-1	5	KeyMode.MAJOR	1/24	198	0
-1	5	ChordType.MAJOR	2			-1	5	KeyMode.MAJOR	1/24	198	1/24
-1	5	ChordType.MAJOR	2			-1	5	KeyMode.MAJOR	1/24	198	1/12
-1	5	ChordType.MAJOR	2			-1	5	KeyMode.MAJOR	1/24	198	1/8
-1	5	ChordType.MAJOR	2			-1	5	KeyMode.MAJOR	1/24	198	1/6
-1	5	ChordType.MAJOR	2			-1	5	KeyMode.MAJOR	1/24	198	5/24
0	0	ChordType.MAJOR	0			-1	5	KeyMode.MAJOR	1/24	198	1/4
0	0	ChordType.MAJOR	0			-1	5	KeyMode.MAJOR	1/24	198	7/24
0	0	ChordType.MAJOR	0			-1	5	KeyMode.MAJOR	1/24	198	1/3
0	0	ChordType.MAJOR	0			-1	5	KeyMode.MAJOR	1/24	198	3/8
0	0	ChordType.MAJOR	0			-1	5	KeyMode.MAJOR	1/24	198	5/12
0	0	ChordType.MAJOR	0			-1	5	KeyMode.MAJOR	1/24	198	11/24
-1	5	ChordType.MAJOR	0			-1	5	KeyMode.MAJOR	1/32	199	0
-1	5	ChordType.MAJOR	0			-1	5	KeyMode.MAJOR	1/32	199	1/32
-1	5	ChordType.MAJOR	0			-1	5	KeyMode.MAJOR	1/32	199	1/16
-1	5	ChordType.MAJOR	0			-1	5	KeyMode.MAJOR	1/32	199	3/32
-1	5	ChordType.MAJOR	0			-1	5	KeyMode.MAJOR	1/32	199	1/8
-1	5	ChordType.MAJOR	0			-1	5	KeyMode.MAJOR	1/32	199	5/32
-1	5	ChordType.MAJOR	0			-1	5	KeyMode.MAJOR	1/32	199	3/16
-1	5	ChordType.MAJOR	0			-1	5	KeyMode.MAJOR	1/32	199	7/32
-1	5	ChordType.MAJOR	0			-1	5	KeyMode.MAJOR	1/24	199	1/4
-1	5	ChordType.MAJOR	0			-1	5	KeyMode.MAJOR	1/24	199	7/24
-1	5	ChordType.MAJOR	0			-1	5	KeyMode.MAJOR	1/24	199	1/3
-1	5	ChordType.MAJOR	0			-1	5	KeyMode.MAJOR	1/24	199	3/8
-1	5	ChordType.MAJOR	0			-1	5	KeyMode.MAJOR	1/24	199	5/12
-1	5	ChordType.MAJOR	0			-1	5	KeyMode.MAJOR	1/24	199	11/24
0	0	ChordType.MAJOR	0			-1	5	KeyMode.MAJOR	1/32	200	0
0	0	ChordType.MAJOR	0			-1	5	KeyMode.MAJOR	1/32	200	1/32
0	0	ChordType.MAJOR	0			-1	5	KeyMode.MAJOR	1/32	200	1/16
0	0	ChordType.MAJOR	0			-1	5	KeyMode.MAJOR	1/32	200	3/32
0	0	ChordType.MAJOR	0			-1	5	KeyMode.MAJOR	1/32	200	1/8
0	0	ChordType.MAJOR	0			-1	5	KeyMode.MAJOR	1/32	200	5/32
0	0	ChordType.MAJOR	0			-1	5	KeyMode.MAJOR	1/32	200	3/16
0	0	ChordType.MAJOR	0			-1	5	KeyMode.MAJOR	1/32	200	7/32
0	0	ChordType.MAJOR	0			-1	5	KeyMode.MAJOR	1/32	200	1/4
0	0	ChordType.MAJOR	0			-1	5	KeyMode.MAJOR	1/32	200	9/32
0	0	ChordType.MAJOR	0			-1	5	KeyMode.MAJOR	1/32	200	5/16
0	0	ChordType.MAJOR	0			-1	5	KeyMode.MAJOR	1/32	200	11/32
0	0	ChordType.MAJOR	0			-1	5	KeyMode.MAJOR	1/32	200	3/8
0	0	ChordType.MAJOR	0			-1	5	KeyMode.MAJOR	1/32	200	13/32
0	0	ChordType.MAJOR	0			-1	5	KeyMode.MAJOR	1/32	200	7/16
0	0	ChordType.MAJOR	0			-1	5	KeyMode.MAJOR	1/32	200	15/32
-1	5	ChordType.MAJOR	0			-1	5	KeyMode.MAJOR	1/32	201	0
-1	5	ChordType.MAJOR	0			-1	5	KeyMode.MAJOR	1/32	201	1/32
-1	5	ChordType.MAJOR	0			-1	5	KeyMode.MAJOR	1/32	201	1/16
-1	5	ChordType.MAJOR	0			-1	5	KeyMode.MAJOR	1/32	201	3/32
-1	5	ChordType.MAJOR	0			-1	5	KeyMode.MAJOR	1/32	201	1/8
-1	5	ChordType.MAJOR	0			-1	5	KeyMode.MAJOR	1/32	201	5/32
-1	5	ChordType.MAJOR	0			-1	5	KeyMode.MAJOR	1/32	201	3/16
-1	5	ChordType.MAJOR	0			-1	5	KeyMode.MAJOR	1/32	201	7/32
-1	5	ChordType.MAJOR	0			-1	5	KeyMode.MAJOR	1/24	201	1/4
-1	5	ChordType.MAJOR	0			-1	5	KeyMode.MAJOR	1/24	201	7/24
-1	5	ChordType.MAJOR	0			-1	5	KeyMode.MAJOR	1/24	201	1/3
-1	5	ChordType.MAJOR	0			-1	5	KeyMode.MAJOR	1/24	201	3/8
-1	5	ChordType.MAJOR	0			-1	5	KeyMode.MAJOR	1/24	201	5/12
-1	5	ChordType.MAJOR	0			-1	5	KeyMode.MAJOR	1/24	201	11/24
0	0	ChordType.MAJOR	0			-1	5	KeyMode.MAJOR	1/32	202	0
0	0	ChordType.MAJOR	0			-1	5	KeyMode.MAJOR	1/32	202	1/32
0	0	ChordType.MAJOR	0			-1	5	KeyMode.MAJOR	1/32	202	1/16
0	0	ChordType.MAJOR	0			-1	5	KeyMode.MAJOR	1/32	202	3/32
0	0	ChordType.MAJOR	0			-1	5	KeyMode.MAJOR	1/32	202	1/8
0	0	ChordType.MAJOR	0			-1	5	KeyMode.MAJOR	1/32	202	5/32
0	0	ChordType.MAJOR	0			-1	5	KeyMode.MAJOR	1/32	202	3/16
0	0	ChordType.MAJOR	0			-1	5	KeyMode.MAJOR	1/32	202	7/32
0	0	ChordType.MAJOR	0			-1	5	KeyMode.MAJOR	1/32	202	1/4
0	0	ChordType.MAJOR	0			-1	5	KeyMode.MAJOR	1/32	202	9/32
0	0	ChordType.MAJOR	0			-1	5	KeyMode.MAJOR	1/32	202	5/16
0	0	ChordType.MAJOR	0			-1	5	KeyMode.MAJOR	1/32	202	11/32
0	0	ChordType.MAJOR	0			-1	5	KeyMode.MAJOR	1/32	202	3/8
0	0	ChordType.MAJOR	0			-1	5	KeyMode.MAJOR	1/32	202	13/32
0	0	ChordType.MAJOR	0			-1	5	KeyMode.MAJOR	1/32	202	7/16
0	0	ChordType.MAJOR	0			-1	5	KeyMode.MAJOR	1/32	202	15/32
-1	5	ChordType.MAJOR	0			-1	5	KeyMode.MAJOR	1/4	203	0
-1	5	ChordType.MAJOR	0			-1	5	KeyMode.MAJOR	1/4	203	1/4
-1	5	ChordType.MAJOR	0			-1	5	KeyMode.MAJOR	1/2	204	0
